210 78 0
44 35 42 -17 44 -90 77 -82 -50 50 -6 8 46 47 17 -31 -8 17 -55 -44 -16 28 92 6 54 87 87 47 80 67 86 -77 25 78 2 20 83 10 4 45 87 -34 28 -27 -88 0 95 12 -99 -2 -88 55 40 -35 -50 -90 48 -75 60 75 66 91 21 26 37 -9 46 57 -5 25 -53 -28 -31 23 61 -38 -60 -28 
-59 97 -42 12 56 -71 -14 -43 2 16 40 -24 -33 -68 64 -17 -11 -93 -57 58 80 88 -79 -75 69 -70 -39 -64 -7 -99 -81 46 68 -78 -97 14 21 84 -73 -98 58 41 92 -7 63 75 -100 -52 -43 66 4 44 25 74 69 60 76 14 -52 -5 34 75 -89 65 26 -90 -1 -33 -81 93 -27 -40 -100 -23 -48 -82 97 -49 
-26 51 -93 -75 51 87 61 -33 39 36 -53 95 92 86 98 -20 56 -25 -19 -44 -8 13 -65 -68 41 88 20 -21 82 -24 61 -56 -46 -13 76 49 -76 -81 -3 14 81 19 -22 76 -62 92 41 19 -60 40 -22 9 27 -68 31 -85 -49 -36 8 22 31 -22 -17 -10 -62 -81 19 21 8 17 42 68 91 64 48 94 76 -83 
66 -65 -52 -95 -29 -38 -11 77 61 -5 -12 100 -43 10 33 -8 -68 72 -75 -100 88 4 78 47 -20 -26 -8 -90 36 -37 10 -52 -64 61 66 -19 -86 23 -76 63 13 -35 44 -74 -79 65 3 -19 29 5 43 58 7 21 -31 -49 -56 13 -43 -23 66 22 -63 8 67 35 -90 89 -57 90 26 -23 77 82 100 -42 -44 -94 
18 -6 -13 -49 -9 -25 -82 78 25 84 -5 33 -3 57 10 6 -37 -90 -60 30 -60 100 -68 6 42 88 -23 62 -95 17 28 14 -85 13 63 90 -88 82 -38 -72 -55 -62 48 64 81 -49 -65 84 92 -51 -55 -63 40 -21 5 -97 67 79 -43 -67 -63 69 42 19 -71 -57 -61 37 -91 84 -41 -38 87 -42 98 -5 -97 -39 
27 93 92 93 -45 42 -6 61 -11 71 51 92 36 60 -56 7 -26 83 -48 30 -61 81 -84 50 23 95 74 -39 66 -94 -90 90 97 48 82 9 50 16 54 49 86 89 51 54 16 -65 31 -48 -93 23 6 41 40 4 77 92 -26 44 96 27 -10 -21 -38 -100 -10 82 23 -46 -98 -79 -97 -82 5 -96 -7 -33 29 73 
17 -60 60 -87 -28 -78 -3 48 73 45 1 -30 94 51 50 -36 84 -58 44 61 6 48 33 44 38 84 -69 57 2 -18 95 41 -33 22 -7 -94 51 78 16 -22 70 -64 4 -48 29 12 -38 -95 -94 -68 28 -54 -88 61 -15 85 58 61 7 32 -32 24 -1 -7 53 9 97 -60 -1 -5 -3 64 24 26 77 1 -63 3 
81 -56 72 -61 15 13 -55 -63 -36 54 -12 71 86 -90 -64 32 -9 90 -60 4 28 -92 -83 -24 -93 70 72 -90 -60 -77 94 83 99 29 -23 90 -73 50 13 -45 47 -63 17 79 -20 -73 -66 14 -51 33 88 88 79 -16 -83 1 -95 -39 24 -82 23 20 -63 -57 -51 -41 -23 -82 -45 52 -16 93 -73 -17 -9 34 78 -73 
-20 -65 14 96 72 -16 -68 -42 -27 -45 -46 -47 -53 40 -66 100 -76 -58 -62 90 -90 82 76 91 58 70 -57 -26 -25 -72 55 74 -85 37 -97 14 -69 -70 46 13 -16 -57 -50 47 55 95 -87 -40 67 -79 -98 -83 -39 30 93 -92 70 68 86 -92 64 41 39 8 54 -99 50 53 16 -94 -51 -7 -59 -8 -64 46 -47 4 
-27 -53 89 -7 6 29 -68 16 83 48 -96 88 -61 -9 -99 1 92 -39 -89 34 -57 -57 -33 39 -42 37 93 -80 -92 47 -100 100 -44 -61 71 29 86 28 -26 -89 -14 -79 87 -81 -25 86 2 90 -43 -56 48 74 81 21 -61 -51 -34 -99 52 -75 8 67 -45 37 81 100 83 -82 -11 60 -68 -91 91 -35 19 80 14 -99 
84 -11 -36 94 -58 -45 -98 9 86 65 -86 -15 -92 -46 80 44 34 12 -68 -85 -44 44 47 -26 -69 -29 -7 26 -32 2 1 14 -60 66 -46 -34 65 85 49 -26 -44 -83 64 -27 -16 61 -67 -46 61 -22 -79 19 -79 -14 -85 -54 66 39 91 29 -89 23 86 20 -28 -4 66 83 -39 1 -89 -78 38 -25 -14 8 -88 -25 
97 4 -6 9 22 -76 79 68 23 -37 64 72 83 -37 -36 -97 -56 -8 -24 94 -5 -76 -66 -31 -53 67 -77 -76 -34 -25 78 14 51 -60 91 -24 -86 79 -3 95 56 38 34 -73 -84 44 14 -3 -67 -19 67 2 -90 35 15 -12 -30 95 -58 55 97 4 -19 -19 -30 19 -20 50 -33 87 -49 -1 -90 35 29 72 -17 39 
-87 10 -92 41 32 -89 47 -40 -8 50 -51 73 36 -78 87 2 70 45 -99 -50 -88 -85 -72 -88 -24 89 33 -97 39 -53 92 49 59 -24 10 -1 -70 -58 11 -80 78 24 -42 73 47 -1 -79 49 97 64 1 5 29 -54 39 66 84 37 -99 32 64 -89 -16 97 -60 78 0 19 -35 49 43 68 40 23 -45 -77 -90 52 
17 -65 -35 -36 75 -38 -13 8 -39 83 -70 70 56 79 22 -10 87 25 -86 -34 29 60 50 78 -68 -12 -97 5 6 88 41 -76 17 52 58 -45 43 -47 -69 19 -42 22 -5 5 73 -9 31 -96 -58 92 -16 20 -48 14 99 4 98 90 -26 -48 -65 69 -44 2 -13 -65 33 -16 -53 59 -32 20 -25 -89 -44 -41 39 -80 
-13 -7 -32 -80 11 -86 -83 -2 33 -9 -38 83 42 -87 -1 5 82 -31 42 -40 43 41 -94 -89 57 40 -5 50 89 38 -34 10 68 67 -21 92 71 -99 84 59 25 -67 -42 -99 -20 -28 75 -91 -79 52 -55 -62 -57 83 -33 100 21 -52 94 11 71 45 -38 -91 -39 -40 71 73 39 -8 -61 17 -22 -73 -88 -98 -75 -61 
-86 42 -70 14 75 -27 -17 27 -64 -96 72 86 14 94 20 -21 61 -94 -20 49 76 50 28 7 -84 -69 -96 59 45 64 44 71 -49 23 -56 -14 -16 -31 12 42 -2 -3 -54 -19 55 -74 -82 -70 -90 -50 -77 19 79 -81 77 -9 -71 -34 -37 -38 -39 -28 9 -5 -83 71 -61 -45 -32 -1 100 26 53 0 -37 86 26 -15 
86 -3 35 37 60 41 -51 34 52 -77 45 76 -74 63 -78 84 23 -51 45 60 47 17 43 28 45 66 -57 83 92 -53 89 -35 0 -34 86 -59 -99 -93 65 -62 96 65 86 -42 -46 71 96 7 -59 -91 -72 -15 18 76 73 -98 45 45 -15 42 92 -1 -47 75 -79 44 23 73 11 87 43 -89 17 -29 -2 14 9 23 
29 81 -17 63 -8 84 -66 24 95 99 -61 -13 -76 -97 -7 -14 -81 -80 42 -34 -20 -14 34 -95 64 -80 28 82 -51 -93 49 40 74 0 20 -97 -96 9 94 -39 49 -96 33 94 -14 -47 -82 -64 81 -51 74 86 96 -100 45 -86 -17 10 75 23 -78 59 -72 -30 -56 -24 21 -47 18 -53 11 37 -2 25 20 69 -93 -23 
-60 -11 -67 27 71 83 82 73 -28 81 95 -77 5 93 -85 11 6 49 68 -47 -50 -57 73 74 52 -10 95 43 -94 -80 -53 93 18 -70 50 89 -51 -14 -88 72 39 -65 55 -86 -36 24 30 -55 41 -67 34 -38 -5 -39 -99 84 -99 -87 56 -92 -65 -59 82 85 -53 -62 -48 76 29 -10 78 30 56 -16 20 -68 0 -22 
-92 -58 36 -32 51 -11 64 85 48 -50 -57 45 -9 86 9 16 72 3 -72 -79 -48 -28 -74 -33 100 -63 -81 63 -9 -96 36 -18 -22 -86 -97 96 1 -100 -88 50 -87 72 83 12 -53 1 -85 -61 -52 -57 10 35 21 70 -55 93 27 97 11 -23 -95 7 14 -27 1 64 22 -3 -98 63 36 -48 -91 -95 61 86 51 -69 
-15 -3 -76 -11 -96 67 44 43 -65 -8 -24 84 45 -53 -70 42 34 30 16 81 -93 57 -50 -34 74 -19 -25 -14 17 -35 23 -76 -97 -69 78 81 -57 -13 -31 22 18 -63 -72 98 -98 -6 -58 -32 26 -13 44 38 -85 95 -41 4 -26 77 12 -48 -20 20 -37 1 -71 -19 -85 -54 -89 31 -82 -29 83 -1 9 -55 62 -19 
-69 -61 25 17 -37 -64 -44 -50 81 -17 28 90 -83 34 56 85 48 96 -10 27 22 10 -7 67 86 -66 -45 -51 22 25 62 -79 -27 -16 -43 77 77 -78 -25 -64 15 -31 -70 -39 42 55 39 63 -86 -42 -3 63 100 -3 87 17 -76 -72 -18 -2 -85 77 -66 23 -94 -62 -21 -27 -40 98 40 -1 -12 -97 3 33 57 -5 
-34 -70 63 90 -33 65 -3 73 -80 27 48 73 20 8 -18 41 95 -54 18 -55 -65 91 25 -7 40 -35 -81 -31 19 -6 -87 75 -30 52 -84 -27 -79 -3 100 97 28 -31 -11 12 -3 -88 -65 57 -8 22 -43 13 -43 -99 98 -98 90 43 -92 37 50 86 37 5 93 -3 65 -32 -32 11 13 99 90 31 -34 55 -85 -43 
99 -66 18 -59 -84 -6 -62 -45 -44 -68 68 -18 -18 49 -78 64 -44 -66 -30 -63 -43 -5 -49 -40 -12 86 69 -100 91 86 88 34 -69 42 65 72 40 33 -12 -25 45 64 61 10 77 61 -31 -71 -61 -65 55 -58 -53 77 87 53 14 -49 -56 9 -58 49 34 -37 -67 67 -54 41 -12 98 40 28 -44 -58 11 -91 -29 -87 
48 -75 39 -87 30 -76 -59 8 -97 -31 97 24 -94 69 -81 41 57 -5 -99 -88 -18 -72 -54 -73 57 -79 -19 37 -19 -41 -13 34 71 -32 -19 -97 27 -13 14 53 56 19 73 7 -24 -45 -46 -6 99 -71 -59 -20 -2 16 -27 24 -94 -91 -88 -51 -1 90 69 -6 88 -37 63 89 12 -30 -100 88 -66 -45 88 70 82 -58 
97 91 80 -88 55 -83 42 91 94 9 45 -57 18 -7 -16 -62 49 -3 -34 -13 -22 -69 10 59 6 -47 -46 97 53 -20 -76 0 -24 8 -78 -44 58 16 -48 -44 36 67 -44 45 7 -60 -47 -23 -76 -55 6 -23 20 -7 43 28 -38 -34 44 -39 -28 52 69 -42 88 -35 -16 58 36 -93 -74 -86 54 -58 86 -58 -68 14 
42 97 -34 43 56 50 22 6 35 54 23 25 -76 98 -50 46 49 -36 -31 -32 -59 -82 -46 97 -14 37 -91 40 -98 60 32 -37 -97 9 -96 -74 -57 -21 67 -1 3 31 -76 -67 -72 66 -31 -58 59 -26 -65 3 -39 -59 -91 -93 46 -82 -47 -28 10 55 -5 -11 -57 70 -21 -89 38 -31 -92 -20 18 -17 14 -96 1 20 
-12 -56 -17 71 91 -48 64 3 6 -2 -78 29 94 39 -6 -85 -95 10 -82 -44 19 -51 -58 -62 15 -43 58 17 21 -43 -51 -53 -47 50 23 77 -38 72 8 44 -18 23 62 86 -48 50 44 -48 71 -66 -44 -30 31 -10 33 21 -59 89 47 -3 -82 98 78 24 43 -51 -49 -71 44 45 95 63 75 43 47 22 24 -16 
3 27 93 18 -67 47 25 55 -67 1 36 -49 84 -14 88 -97 61 77 -71 44 43 -63 63 85 68 -6 -7 66 -74 72 68 81 -2 -61 -54 -68 11 -8 -20 -65 7 -17 13 43 -21 -20 -19 -73 97 93 87 80 53 -31 61 1 96 -81 -36 7 -17 57 -36 -85 1 -77 14 -80 -36 2 -15 -30 -76 98 -18 -39 5 85 
69 19 -69 -95 -9 -80 70 -95 -76 1 -49 56 -10 43 -24 56 60 -94 -15 30 -15 -25 21 73 -23 61 -2 -15 -51 -97 99 -27 -91 21 -85 47 -79 -68 53 -34 47 -21 -30 22 95 72 -1 79 -39 -18 71 -14 -25 -77 26 -36 -40 6 64 41 61 -82 45 83 -29 -56 -82 -55 -9 2 2 -71 70 -12 7 -61 41 73 
-17 -68 38 -52 -29 13 28 59 16 -40 -34 50 95 -7 1 71 -9 -1 98 -30 62 -48 84 22 17 -42 5 17 -40 -70 -76 -87 -47 69 93 -35 80 86 -9 -36 61 -24 -69 10 28 14 78 -78 -74 11 -89 -89 -20 -49 -39 -38 -17 4 17 -33 -37 -56 -38 -20 4 41 -35 95 79 77 25 -43 9 98 -73 -53 -55 -71 
-3 -82 -50 -98 68 -75 83 82 90 -25 83 67 -86 23 72 85 -16 91 -20 -33 10 4 -70 47 -32 -72 3 -74 49 55 35 94 -25 48 -26 -99 -66 23 11 -38 -80 78 -79 60 21 -77 12 34 35 24 9 -92 30 -72 12 -61 45 -2 -53 77 26 74 -17 45 -34 -96 -59 83 -92 -21 66 36 -81 66 -92 -54 100 -67 
40 81 75 39 -14 -27 6 -37 -54 85 -48 19 -31 2 31 23 -16 -51 19 53 -63 -59 9 -93 98 0 -49 -32 -56 90 65 -83 34 12 81 -55 -82 -8 1 -18 38 -49 60 -80 52 1 9 46 -9 24 70 87 42 4 40 83 -14 8 51 4 -5 30 -22 88 -76 15 -39 -61 85 -47 71 97 -14 -48 32 42 66 48 
52 -58 61 56 65 49 51 -1 24 -96 -93 34 44 45 83 91 -17 88 50 29 -90 72 39 9 57 -84 91 59 -33 -81 27 -70 -83 -66 -47 93 -5 -8 19 49 50 -45 -84 -3 91 94 74 90 -28 -53 76 44 76 91 22 16 -60 -27 36 57 -44 -34 34 -69 44 68 21 -82 77 -99 -46 29 71 -59 79 -43 -9 -22 
-72 -36 7 -41 -29 33 -43 97 -77 -42 -57 9 26 -51 -30 -25 32 26 74 -61 32 60 30 24 63 66 2 -81 -93 -97 80 -93 -72 85 -63 -91 -3 -57 73 17 68 48 72 -71 83 -96 24 90 -9 90 66 23 21 75 -20 12 -35 44 7 26 37 -33 -29 -21 9 -61 -100 -56 -4 44 -73 12 98 26 10 -2 -1 93 
58 -70 33 -57 -84 -12 75 -14 12 -45 76 13 1 -38 -86 90 -18 81 -78 -9 84 5 45 -71 -80 84 -51 29 48 46 93 -22 80 -86 -76 100 48 93 4 -53 91 85 1 88 -48 -73 -19 50 38 46 -64 83 90 -4 -71 8 76 -94 82 -9 -22 -19 54 -29 -77 -11 -95 -8 16 71 45 -3 -55 63 -79 -52 -21 -47 
92 31 24 34 -38 -78 -13 83 -8 80 -70 -1 -8 88 -6 79 24 -89 -60 43 -23 69 56 8 60 8 -93 61 -48 -80 100 -2 -65 64 -87 58 88 32 -33 7 89 -51 -36 73 71 61 1 30 -53 -20 -99 30 26 20 30 94 41 -11 82 58 -56 -53 55 -39 93 98 -100 44 -3 -31 90 83 -24 74 66 -85 78 100 
66 -24 71 63 -43 -37 11 54 14 85 -82 -55 -12 25 -75 -11 66 85 -89 -42 77 -31 60 -64 -99 -90 9 15 -31 5 -83 -96 -41 82 -25 91 75 86 95 92 -28 94 25 -60 9 -81 -87 -82 84 76 -41 22 84 25 -59 -32 93 -92 -46 -80 55 88 -67 -20 100 40 -95 -5 66 50 11 -34 -54 37 73 52 -90 -96 
-45 4 16 -74 61 99 91 0 72 -9 -59 -33 -90 90 15 -77 84 -31 -54 18 42 -40 -36 -11 -70 -5 92 -13 68 0 -18 16 97 93 -70 -56 -12 63 -85 -52 1 16 42 93 -71 82 -42 58 65 42 58 9 -67 -88 -10 -8 28 65 64 66 -1 45 -53 -60 38 55 -52 11 -64 -71 -29 -57 -86 -9 -22 -48 -52 55 
-12 -91 -60 14 25 -1 -80 96 89 96 -45 74 42 42 54 16 95 -96 70 36 84 91 41 35 74 49 -2 -62 50 0 68 10 -66 86 -60 29 -56 -67 25 26 -51 87 -49 -74 -71 -20 57 90 -86 40 -69 40 -21 84 -99 -63 82 42 -82 71 33 -69 40 71 -49 60 -97 -86 14 79 94 -19 88 36 17 100 -11 17 
25 -60 -37 -61 60 30 -46 23 -69 -74 -28 -44 -73 72 92 -42 -52 -67 -41 40 7 13 -95 -85 -32 20 -27 -100 -47 -49 -87 46 15 -59 8 -80 -8 -73 -6 16 92 -32 -15 7 2 -79 -16 17 94 30 62 75 -78 71 -23 -6 56 -65 45 72 -22 -21 -65 79 6 79 67 -59 59 45 70 -47 41 10 -19 -70 -42 -77 
7 -56 40 -93 28 32 71 -36 31 59 -40 50 32 49 -85 -32 64 86 -90 -8 -77 37 -79 82 33 -72 -76 100 -68 -77 -4 21 -98 29 -60 24 -72 -13 25 -60 54 -3 -17 -75 -56 -65 95 47 78 16 100 21 -6 -49 3 1 -59 -8 21 -91 70 1 -9 -100 -83 85 -16 -62 33 61 27 -43 -79 68 64 -39 5 92 
-17 45 -62 70 -36 -5 43 -40 2 -64 70 54 92 -67 -60 26 -21 -39 -65 60 75 83 -67 -29 90 24 45 -48 -5 49 -100 -55 -30 66 89 20 -65 98 -29 -62 -39 99 -55 -56 46 -22 -46 -100 33 71 -68 -33 70 100 97 -78 -15 -20 -47 62 -36 -13 80 34 -75 42 82 -17 55 51 -80 67 32 54 -86 -43 95 41 
-90 -5 -100 47 -40 57 -92 74 -91 52 -39 14 74 11 46 -95 4 97 26 -9 99 -23 12 9 -4 82 -69 35 57 -46 -20 29 -58 2 -62 -62 -17 25 -22 26 -95 92 35 -24 48 -31 -82 -85 -98 29 -45 -13 -73 41 16 -69 40 -65 -82 6 -15 -97 51 -60 11 -98 -73 29 56 71 -92 -81 -20 -11 -22 47 -37 -14 
50 49 70 81 83 -54 -51 -67 -54 -25 83 2 -86 -50 9 -42 -50 6 12 76 98 -91 -49 -6 -15 -36 15 -55 12 -71 -21 -75 -25 -42 30 13 -94 -95 -4 -27 -56 20 44 -88 -31 -92 -90 -97 29 -4 -90 -47 -46 -22 65 -46 24 46 0 75 -93 -66 59 -62 -22 80 -39 17 -79 -68 92 34 27 64 67 -33 95 -52 
95 77 36 -29 -25 45 80 28 10 97 54 -98 20 -7 -20 49 7 29 -23 5 -37 -45 -46 -51 89 5 -75 -89 -21 -70 48 57 37 11 -66 -20 -57 -65 -41 4 -3 45 89 -87 41 45 -3 -79 72 -88 -100 -14 -50 -62 83 62 -88 -72 48 -64 4 98 61 87 61 66 30 76 78 3 -47 -97 -65 6 -67 44 33 40 
-14 -30 63 -13 -61 65 -24 12 -61 -93 -66 97 -3 -53 6 44 59 100 70 -83 78 51 98 39 40 20 -64 22 -9 -72 -22 67 -12 -89 38 -60 15 -23 88 -92 -49 -46 99 -73 44 -67 -38 -67 54 -64 -44 10 -56 74 59 80 -27 67 -58 66 42 -81 -88 20 46 41 29 -28 39 94 -95 62 62 38 -30 -6 -68 -21 
-57 25 37 79 -5 -83 -63 -91 -88 98 -64 77 55 -27 66 -87 8 -30 45 -88 -84 96 -82 -92 38 24 100 97 -2 -74 -90 -29 72 -39 12 -44 7 -63 -61 -43 56 41 -18 -10 -1 62 -22 98 46 7 61 13 12 -34 34 -97 56 56 -96 18 -34 -70 -27 -93 54 -36 -99 -52 -55 49 60 -80 -50 -90 84 -30 -22 -31 
-52 59 -56 -7 -1 -55 -35 15 -79 73 -91 31 -43 2 62 -17 32 89 23 -1 -79 95 -41 -86 -89 -61 -36 78 27 91 12 -8 57 -99 7 -77 -8 -69 92 99 -70 78 -46 20 5 73 -73 24 49 -7 -89 83 43 68 -93 98 41 -19 -47 -58 -20 -94 46 33 -12 24 -8 -18 14 -13 -25 -13 -34 2 45 7 -27 84 
-84 -36 93 20 26 -4 -34 87 -72 95 57 -30 -26 -69 6 89 90 91 89 -12 12 95 -11 35 52 -87 -24 100 -98 87 -83 98 40 6 40 -12 -54 83 -45 11 72 -99 -51 2 10 4 -78 -19 18 96 3 -83 -2 88 -42 -86 -33 85 22 -48 -4 97 -36 4 -100 34 85 69 -82 -96 11 -14 -82 36 -86 -83 72 25 
21 6 -19 -51 -67 55 -24 99 43 34 44 -18 -48 -91 -16 -80 -66 -71 -25 -64 2 29 88 43 -41 -1 68 -73 -45 53 -65 18 -99 86 -63 -52 34 -21 93 100 16 -87 69 97 90 -81 57 -78 68 -99 82 -74 -31 42 77 -47 12 -67 66 -55 29 83 11 -18 94 69 3 -87 21 72 -94 88 6 -86 -70 -54 -37 69 
-35 -57 -12 -41 -65 -5 -92 93 64 13 -30 47 21 -28 64 24 -17 76 18 5 -85 16 87 100 79 -72 39 -8 94 -66 81 -73 -94 -98 25 -30 -7 -52 22 -52 65 -54 32 -67 -83 45 -41 -100 -74 18 13 33 56 14 59 -65 51 -47 -72 43 41 95 96 -66 99 -28 -47 74 51 39 -92 -92 3 35 -27 34 85 27 
-36 -95 5 -10 -95 -18 -22 0 81 83 -86 29 34 -5 47 -64 -32 -39 53 -12 61 14 -42 -50 -100 0 -39 -92 34 81 -17 -5 91 -83 -55 -97 7 -46 -91 -36 92 -75 -26 86 98 94 -96 -79 -37 23 73 51 -24 -9 -87 -17 -39 60 18 58 59 -83 75 -81 56 7 99 35 -18 -11 -9 23 -86 -34 51 -80 -66 -80 
-36 -66 38 34 -21 38 74 -25 60 46 5 23 91 -78 83 -77 -50 26 -82 -56 59 -58 -31 -44 -83 -97 74 9 -29 65 88 32 -89 -28 47 31 -81 77 -97 -100 -22 -51 30 -35 -22 75 43 46 38 56 -76 81 -7 14 -12 -24 14 72 -28 -70 59 -45 50 -27 -21 16 -11 37 27 -51 -19 -40 -28 47 -85 -37 -69 23 
43 -71 52 -37 -96 51 -86 -78 97 -13 -41 65 -23 -76 36 -26 68 12 84 -44 45 50 47 -26 25 89 43 -81 -21 -89 -92 -61 -51 22 23 10 -19 97 71 19 12 70 -90 -56 -13 23 18 -39 -54 86 13 -58 47 -87 65 -6 68 -95 92 -53 -38 -59 99 85 -8 -54 80 100 -24 83 -82 -90 -41 48 -75 90 -23 -73 
-76 35 -71 -57 -64 76 -13 -90 54 -75 -20 34 -3 -32 -16 66 -39 -70 46 27 -42 -96 -54 -65 -7 -91 -73 69 -13 -26 75 -85 99 -47 -87 -42 -8 70 -42 -27 -42 73 -98 10 -37 63 61 1 28 15 -77 -29 95 48 23 19 96 36 -72 -89 -61 -15 -94 63 -87 -46 -72 -34 -96 -89 3 -28 -93 51 83 -48 -50 -78 
97 58 46 -44 -60 18 -2 -41 10 13 -55 30 74 -39 95 46 -100 92 -35 43 -90 98 -43 82 -98 67 -23 -6 38 72 -46 -16 13 -60 18 99 90 98 57 24 -42 -80 32 -21 -39 -78 28 -43 32 56 -32 -44 68 32 -81 -7 -14 71 47 -81 6 60 -19 93 -8 61 97 -52 96 88 65 -11 -62 -78 -41 -30 78 45 
33 -25 9 99 -24 26 2 -77 -11 -12 33 -11 14 -2 67 93 -43 -72 10 2 -23 56 -8 91 40 38 50 56 -3 -73 5 -83 -53 -26 -77 34 -45 7 55 -53 -15 -68 -56 63 58 46 -43 7 -65 25 28 18 93 83 93 31 17 -38 26 -99 -34 -3 -70 -20 -83 43 36 53 74 24 -83 62 -98 -13 -30 30 92 32 
67 42 30 81 -80 -75 -3 -81 -14 55 -59 18 89 -37 -91 56 62 -66 -55 100 -74 -57 51 27 29 -86 -59 71 5 -94 -5 -78 -27 -57 -10 -88 22 -18 -51 94 -37 24 -15 -27 34 9 6 6 17 95 48 66 92 -30 34 -97 -62 43 74 -18 70 26 -42 81 23 -69 50 -78 -58 -45 50 -44 -67 48 -99 -51 -28 -78 
-29 -23 -30 53 21 66 78 60 -29 99 -94 74 -49 -41 44 -46 71 -24 55 -87 -80 1 35 16 -92 17 -29 -26 -61 95 97 0 -90 60 -70 40 18 15 -87 -97 -87 3 -66 -76 20 -65 8 94 25 15 33 -49 -24 -65 -42 85 79 -21 -48 -88 -75 -79 16 -1 -49 81 93 42 89 -43 -97 -93 1 5 -38 -3 -41 11 
-32 43 -61 38 -23 40 -42 -51 2 50 -63 -75 -34 -15 -56 38 39 -49 -42 65 97 13 30 88 -84 -17 19 43 21 71 37 69 96 22 65 32 74 -82 25 37 -19 -83 -39 -68 75 59 -91 -6 33 -64 -92 -51 -79 44 59 -71 42 -28 -97 -81 39 89 16 -81 39 -14 -39 -94 65 44 18 72 -75 67 87 -38 -4 -63 
-94 -100 42 -46 62 99 55 31 -32 -68 60 88 59 -37 -96 -83 -94 -43 -81 45 -54 49 86 -57 -45 -100 -93 43 65 -78 89 -61 1 31 56 66 15 92 -75 -44 59 -40 49 76 43 59 -79 77 77 21 -32 23 -46 30 78 -2 45 -87 -16 -4 55 28 82 94 44 89 -78 20 38 -42 46 -82 -69 -8 -84 72 -74 13 
16 65 40 39 -41 62 -3 -69 -63 32 66 -45 -87 -23 48 -100 80 85 4 -78 17 -43 83 42 -86 63 -8 78 17 9 -46 -66 -52 95 55 -85 -1 39 70 98 82 -35 -10 -67 81 -85 85 -80 78 -4 -45 36 85 -58 -81 -20 -73 -36 92 -79 -58 -98 -77 48 81 86 -15 -4 26 42 -10 -78 -26 -9 9 -98 20 -14 
98 -87 30 -90 100 43 -45 18 75 6 36 94 -63 -23 -30 78 -70 99 -71 77 37 -32 46 -35 72 -30 -69 19 -48 77 -22 17 26 87 47 -81 -48 -95 -2 56 12 34 99 -59 62 74 -96 100 88 40 -57 -6 -94 -22 -83 5 79 -17 -42 -99 94 44 -41 -22 -11 -72 19 60 89 -9 41 -66 84 44 -49 63 -97 -97 
-8 64 29 98 17 -15 45 27 -91 35 -92 43 98 28 -78 81 57 -79 -21 -86 71 6 -11 -17 56 -62 -42 100 71 39 90 -43 -44 -88 79 24 -45 -98 -33 35 -70 -48 66 48 53 44 92 7 -88 19 7 76 -88 -3 56 42 55 19 -95 31 -64 82 33 -73 45 41 88 -3 -89 -90 26 16 -52 -98 -75 -51 38 -45 
-18 29 -29 65 0 35 14 -73 -18 -82 20 -67 71 -74 -80 71 -27 38 42 50 15 25 -20 -2 -33 -26 60 52 47 79 -45 65 -22 32 -57 45 -23 6 100 86 -2 -31 -20 -15 1 -32 -65 51 -3 78 79 56 -38 -54 17 26 -61 -87 -66 39 -37 47 4 72 -89 -43 43 -58 4 91 -35 12 -46 -86 22 -15 67 -12 
34 31 59 59 29 -37 48 40 -70 36 67 43 -82 77 -27 28 80 45 72 99 -7 96 4 -17 90 81 15 21 -33 -89 95 -8 25 40 -17 -91 -52 -30 -47 -14 52 -89 57 55 4 -3 6 70 -96 -39 29 -56 25 15 -32 84 34 71 84 89 18 -26 66 80 75 -24 16 54 95 36 -93 41 -41 -33 65 -97 -73 35 
-42 -13 -43 -60 29 16 -40 35 23 34 6 29 64 72 -33 15 -26 -64 -92 87 23 -33 -68 44 -74 -87 29 -83 -19 93 0 25 48 30 -63 -75 59 -44 79 33 -26 27 -42 31 62 -66 23 16 -40 5 -4 28 81 -4 41 -13 84 -6 -42 -15 42 31 32 25 -43 -18 83 18 60 -96 -60 -86 18 -6 97 -50 14 -19 
-88 33 -70 -97 86 -63 -5 -36 -2 -83 92 5 64 71 97 -7 -26 -50 -49 -37 49 84 15 -78 -92 26 90 -82 -24 82 72 41 -40 95 39 36 59 19 -71 -29 87 -41 40 -37 -93 -72 -24 -84 -29 98 66 -77 -57 45 27 -89 8 64 29 -27 -55 26 70 -46 -86 89 -5 90 -81 78 19 85 19 13 24 -54 36 -67 
-55 78 30 -86 -12 -1 -27 90 76 95 75 -55 42 -97 0 18 55 68 -7 12 64 4 69 -30 -82 -41 -73 26 -11 87 40 22 23 -3 79 -42 -84 -11 -22 89 -96 -15 -17 -79 75 84 92 -50 -98 -24 39 32 83 -40 24 -7 -21 -93 -99 -86 77 -92 -60 78 28 98 -84 3 -79 89 56 -57 87 -77 -37 97 -74 -72 
-95 54 -62 -44 80 -58 -6 -37 71 -55 56 64 -16 59 -64 -42 -81 -54 -18 90 81 -42 17 -84 -9 53 -66 39 8 -48 -64 1 -56 -37 -42 -60 40 36 -15 1 3 12 -47 77 32 11 -85 86 7 -28 -59 -84 -87 -96 62 -8 86 -54 -46 5 -61 74 -98 19 -45 -42 41 28 33 32 52 -21 60 -92 -55 81 -56 32 
7 -80 89 -42 28 -81 9 60 14 77 1 -48 -26 35 -23 86 -36 63 -37 -64 -42 69 -1 -14 -54 30 -77 -49 90 59 72 62 97 54 69 -92 82 -1 -80 -7 -35 -46 78 -1 -95 -34 74 48 -61 2 -22 -69 -76 84 65 -83 -17 -5 -63 -35 51 27 -18 89 49 34 90 47 -61 93 64 85 -69 57 56 71 -43 -53 
47 -71 26 -28 98 -63 -85 58 -72 -24 -35 -55 -22 57 37 -77 -4 73 44 -34 -29 -24 36 71 -59 24 58 -45 11 14 -60 34 19 -73 -3 19 -89 -51 -98 -9 -31 78 36 -59 58 100 -65 -44 12 -55 93 -58 15 -95 -96 -89 -80 -50 25 -64 44 -49 20 72 -9 -80 19 82 -74 -43 83 -46 -56 65 -17 -1 -18 18 
92 -8 -91 -92 -15 -67 -36 -75 -41 29 40 -81 22 23 14 -60 84 -78 -48 -100 -30 100 -52 -72 -87 -55 45 -7 2 37 49 66 90 87 -63 -78 -89 66 43 -9 80 -59 -85 -53 15 -94 42 -58 -75 -46 -92 -99 36 16 95 9 -11 62 63 -1 24 -92 -100 70 -41 15 57 -38 -61 35 -63 -28 -27 -53 -57 78 71 25 
-74 -67 -30 -88 73 -16 -52 -26 -59 22 -87 92 -31 55 7 41 -39 62 -39 -43 -28 12 64 47 14 -83 -80 85 -65 -12 82 -66 33 -86 -53 74 9 50 -26 -98 -23 -5 25 -56 -56 -83 -39 30 -51 44 34 -54 -23 33 -75 -89 51 -97 1 -86 37 -95 69 -52 95 -46 -76 8 -27 -11 77 -46 66 -3 83 85 98 -39 
-4 52 -81 93 38 -21 -22 -79 90 43 72 49 -9 -56 24 -20 -63 -39 85 99 -10 98 27 -41 25 88 93 -36 -21 -78 48 73 43 -64 -14 91 16 42 18 -32 -87 6 -18 87 96 -32 92 14 -16 27 -30 6 -76 -54 -39 -19 55 -88 -30 -6 -38 -53 -64 50 3 -93 -99 -51 -58 85 -14 17 -33 -56 -17 32 -59 60 
-39 -61 13 83 77 14 12 74 64 -91 -15 93 -6 -75 42 29 -64 5 87 -56 -6 -98 16 -62 -84 -67 -45 85 4 28 31 76 64 12 -52 -24 91 -96 -98 59 71 66 -42 -89 -68 -27 58 13 -44 -13 -88 51 -68 -81 92 38 -5 11 -26 84 -4 -44 73 87 -41 49 -92 22 -25 -91 -83 -18 87 70 -70 -40 -1 49 
19 21 54 34 -53 -12 -77 -3 2 -56 99 28 -46 -55 99 -14 20 1 -49 -71 -50 -2 70 90 22 94 -96 38 -82 14 29 9 -87 -51 -71 94 51 30 -47 -70 -14 -37 6 -78 92 -89 74 -16 10 47 67 2 -70 68 47 50 55 97 95 -81 -21 22 -46 -88 29 -28 41 -50 -93 -13 -81 69 -42 -69 -69 -9 48 77 
-52 27 85 24 -32 -74 75 -53 -33 53 -55 -72 -73 -61 60 100 27 8 -97 -13 29 -77 -44 41 -48 -60 -84 72 56 -49 0 24 65 -12 -69 -73 -34 -16 -92 -37 66 43 75 -77 -35 64 25 35 -38 -96 -76 49 -33 94 7 56 -30 69 -11 -51 -12 85 -69 66 27 -75 -36 -56 -55 9 -15 -81 62 54 -22 -17 -64 -69 
-38 34 -98 -45 -95 -12 42 -73 -73 -100 38 54 -13 10 -12 -52 -36 70 -12 43 88 -63 12 -24 29 60 -42 93 -54 -93 88 95 -21 -27 46 -38 9 52 -24 63 -43 -34 -14 89 64 -92 -77 37 22 98 -97 80 -63 7 2 -57 -70 5 3 -7 -76 -72 -40 73 67 26 -5 64 34 -93 -43 -44 65 -88 44 -77 25 -43 
-28 5 58 -80 1 -90 -75 -36 17 -80 -36 61 28 -92 -22 11 54 -54 31 97 13 -59 65 14 93 -69 68 -78 -85 -5 57 27 88 -80 -40 -49 -34 20 -50 6 -55 88 -48 -42 -92 45 67 0 -78 10 -44 18 11 -33 4 -46 -96 -26 -18 -85 7 -71 43 -21 100 97 86 92 -69 46 54 -53 9 63 -2 28 65 -43 
-94 -79 -19 -2 100 -54 -1 -73 15 3 74 -50 55 97 14 -52 33 28 -70 -68 99 31 48 -16 40 -21 -90 -67 -81 92 -28 43 -85 -94 76 66 78 95 20 -19 -12 -92 5 73 87 58 29 -61 -93 45 -70 -70 40 68 42 -55 76 54 -48 44 100 -77 25 -39 -57 5 -5 -49 -78 36 -50 -58 -21 -28 -76 -89 8 60 
-92 -96 -1 -49 -52 61 20 -90 62 56 -29 -43 -85 -70 50 -47 -31 -42 -80 -37 70 -84 92 0 22 -32 4 -39 -33 89 55 -80 19 41 -12 98 56 -10 -76 48 -79 -97 76 41 31 49 -33 -78 10 -22 -48 -29 19 29 80 -97 13 -94 7 -23 11 76 34 -56 -67 48 -87 -50 -31 -77 -7 78 -84 -53 31 -35 91 -4 
72 -27 -52 48 -90 95 93 -97 -31 -29 40 76 -5 52 -34 -19 -47 51 -30 76 30 -31 77 11 61 -37 55 18 55 -58 -24 58 18 100 55 41 47 44 -16 -8 65 -75 48 11 85 -62 -46 78 29 -63 34 80 -3 85 94 -26 96 20 56 -56 80 1 30 -60 -2 58 -71 -75 -14 48 -67 19 59 -5 84 -38 12 -41 
-83 7 23 -76 -18 67 -21 8 30 70 -32 89 60 10 15 23 18 75 28 -30 -52 88 -15 81 -33 11 -38 70 99 8 -68 -17 64 67 -17 -79 10 -89 -75 -45 27 -8 -38 8 -33 44 8 -9 37 -63 -46 -77 -75 -78 -37 56 -47 17 56 -9 74 70 41 39 -46 -73 25 -80 -1 -46 54 -15 40 -47 12 -88 36 56 
-13 -56 35 64 -58 -20 -63 -89 45 -1 -30 40 -70 2 0 29 37 15 65 -94 -38 96 -25 -98 59 -70 63 -51 26 -62 100 -58 -52 56 84 83 16 -9 68 34 66 -33 -74 -88 -39 100 -37 -54 73 -80 51 -66 63 14 -37 40 -23 67 36 -68 -70 97 57 -65 14 51 26 42 -2 22 26 -39 57 -85 10 -78 -56 -62 
-29 78 -71 15 86 42 29 -88 61 -5 -88 -54 46 -56 17 83 -85 61 -96 86 -87 96 59 65 89 77 -93 83 -58 -31 36 -9 -76 -36 -78 97 30 -84 1 -76 -15 75 -21 -16 69 17 8 -14 4 -29 -71 82 61 70 -33 98 38 -93 -71 -27 -40 17 -63 30 40 52 42 42 -90 -84 -94 23 -34 30 15 44 -63 87 
63 -95 -10 66 65 -66 56 83 85 -34 -74 84 -44 93 -74 -18 -41 -50 -46 -51 13 -62 34 -78 43 -43 76 -90 -55 -5 62 96 12 18 52 94 -86 8 -53 11 62 -95 -2 26 -25 -76 58 -13 74 38 -62 -39 -47 -56 11 15 3 -91 9 58 74 37 -4 -70 -44 -3 -58 83 -1 -2 -74 -5 23 25 -86 97 100 -49 
27 -87 -9 -18 3 2 -65 -72 -100 29 13 91 12 70 34 92 57 50 55 -70 45 19 90 -32 -15 81 -18 91 -46 -34 73 -31 -60 32 -4 16 -22 80 53 97 24 -88 -62 -55 52 28 54 19 90 29 35 -27 83 83 -91 13 57 87 75 -5 -59 -73 -43 9 71 -30 -73 40 55 -54 -32 -51 -6 -76 -37 59 -64 95 
-70 99 -79 70 -10 -33 -87 21 -80 70 39 76 90 90 -70 96 12 87 -10 -54 94 -73 -71 54 30 -37 100 36 -74 -37 -15 -69 99 -74 -82 9 83 75 -58 1 65 -65 40 -27 -85 -70 65 86 -25 -51 -45 -78 -87 -38 13 -66 33 55 -40 -72 81 75 70 92 1 73 45 -29 20 28 61 -75 -60 79 44 -23 -39 -43 
-14 -55 -73 -79 -4 38 -59 75 -21 -16 10 -15 -89 -46 -67 -72 57 64 -51 58 -33 -42 -41 92 52 -60 92 -71 56 -80 -4 41 -57 27 38 60 -1 -70 82 -8 19 20 -40 -36 40 88 -88 -47 -60 90 46 -34 -52 -9 98 13 -93 31 45 -99 -31 -56 -67 -25 50 -41 -42 69 -40 42 -96 43 68 -22 95 65 -68 -43 
43 -25 91 -4 -100 -41 30 -90 -52 -24 -44 67 -27 39 -96 -100 75 12 75 -28 -1 84 6 -7 14 -51 -91 49 -74 -42 41 -72 92 31 15 72 68 -78 -25 90 86 95 -76 19 -28 97 12 92 90 -100 -38 -96 51 45 0 46 70 -46 96 47 59 -74 89 -87 8 -3 -54 61 -96 -83 72 -39 -33 70 -5 -85 -38 -17 
-55 -56 -53 -27 30 -37 31 97 92 90 -60 -7 -15 98 -31 -41 79 13 -66 -40 -49 -80 58 90 1 -96 37 99 -58 3 56 79 41 -96 -35 67 68 75 -24 -11 -15 4 55 -60 81 43 59 73 -4 -23 -79 51 -24 75 -32 -63 -57 -20 62 96 81 26 42 -37 67 19 94 35 -53 -14 -79 -95 -7 25 34 18 37 -71 
-50 -62 76 83 -88 29 82 67 -55 -77 98 -2 -55 26 0 -63 -33 -6 42 46 78 29 -46 64 -50 54 -61 1 -85 58 46 -81 6 -63 -62 62 45 64 -85 -37 25 -51 32 -14 -79 96 -46 -100 71 -24 53 -41 89 75 -67 -68 -38 -47 -27 43 68 -56 16 -17 58 13 -46 51 94 33 35 -73 33 60 -33 -15 48 60 
-46 -62 -56 25 44 -1 -2 29 -82 -69 62 -57 -78 78 54 -23 0 -83 76 38 -22 -12 -37 -58 56 -75 82 87 96 69 63 21 -71 -27 -82 -85 -59 -11 -65 -80 -37 87 21 -13 88 42 -34 49 -7 77 -69 -73 87 73 -5 97 2 -81 31 -96 32 -5 -17 67 -10 14 -77 58 65 -68 12 -7 -54 -63 26 -65 -4 2 
-45 6 21 -9 -3 -36 17 19 52 45 -65 13 26 -5 -27 6 -99 -90 -51 -42 90 27 63 77 54 42 -2 -16 90 46 65 4 36 -69 -53 25 -1 43 71 42 47 -64 37 -32 -69 -27 50 -49 -43 19 64 -93 84 5 56 3 13 60 -39 74 -88 -41 69 -66 -5 1 -59 -33 -58 57 -55 -63 45 6 64 47 57 -12 
94 -43 -32 52 13 19 18 -16 1 -32 76 63 52 35 50 -86 79 45 75 -74 54 11 69 -74 40 69 -16 -10 89 1 15 -89 85 -96 -27 46 -6 -30 -61 -32 -9 31 39 -38 -62 -59 -94 -83 -78 -40 92 30 -61 -37 83 -38 99 -63 -79 21 -68 -65 -45 61 -92 43 -77 -76 77 -56 88 -47 -87 100 -31 -77 -10 -46 
86 22 13 -6 53 1 -92 -53 45 22 -49 -15 -35 -32 -98 5 -86 -79 87 82 2 -11 23 81 -35 -24 77 50 19 -32 -46 -9 -96 54 -67 6 -73 -38 11 26 95 61 -14 -48 -49 -93 -100 -95 24 -47 25 17 93 100 25 54 75 -11 23 42 -5 -7 -78 -85 71 92 -64 -1 -18 58 61 -23 53 -75 -94 -57 -90 -44 
28 -14 -51 -76 71 -60 -22 -14 91 -42 -55 -11 -98 7 4 -56 41 32 -69 61 54 -87 85 -86 5 5 -11 35 -80 30 -92 74 38 -43 -20 -29 92 78 -28 -34 -2 -80 1 -26 -68 39 47 96 -91 -22 45 80 -13 -59 -3 10 97 -90 -1 52 68 -17 13 -98 5 23 48 -67 -42 -43 -37 9 -95 98 -12 21 79 43 
80 -68 55 -33 -25 89 9 -40 -14 -22 -36 -19 89 -60 74 66 -77 -37 41 -59 48 -31 59 -89 89 45 -23 15 -46 32 -24 19 -56 -40 92 -11 20 -64 -20 16 76 -55 -90 87 -98 -41 79 56 92 90 -46 36 60 89 -29 -90 -85 67 65 6 4 57 40 -20 79 87 -11 90 -17 -70 91 -3 -50 -59 -41 93 -36 66 
-84 -5 -3 55 -100 -22 47 -7 85 -17 -68 -48 -84 -11 -89 69 80 86 19 -34 -7 -77 78 30 -46 -77 -22 98 77 -16 44 13 -18 -43 -86 53 -98 78 69 23 -37 -4 -10 -36 -88 13 99 -30 13 85 21 48 -1 50 7 62 97 -59 -93 75 -95 61 27 79 81 -34 -12 94 80 -45 44 17 81 -21 22 -22 -9 -22 
-100 65 -1 98 44 -41 -80 40 -1 81 -46 100 -6 17 -4 17 -30 -25 13 -94 17 -67 27 -42 49 33 -79 -77 -46 -35 29 27 -77 29 19 -56 19 -61 17 -21 -24 80 -12 -71 66 15 53 -18 -30 -4 12 68 -87 -12 53 94 17 64 -97 94 -86 0 57 -76 30 -14 18 -13 -55 54 82 65 -37 -86 -53 -13 89 -92 
-34 -32 52 19 100 83 67 -33 78 8 -31 69 71 33 20 -37 -74 76 4 91 -15 94 10 39 15 56 -43 30 99 29 -51 -100 -14 37 71 67 29 7 -20 -46 98 63 12 -44 75 33 -85 17 -24 -92 55 67 100 -87 83 42 -60 -73 -38 -27 23 58 96 -1 42 67 38 -66 -78 -38 -23 -48 -32 -54 -84 -73 88 -85 
38 66 -40 20 59 -54 20 -68 94 53 56 -10 -9 -23 -1 -32 -84 -16 18 96 -99 13 32 -25 71 -15 -52 12 -13 -95 -25 37 22 45 -60 9 5 12 -35 -19 2 73 -69 23 21 -49 -76 -79 46 20 45 49 92 -90 9 44 56 61 -64 -67 -41 87 59 -56 36 -4 -19 -31 86 -40 -5 -35 68 28 -39 45 -30 16 
-69 -98 -97 7 90 69 47 27 21 -37 -71 -10 -1 -83 30 -74 -29 -45 68 75 -88 -45 59 -63 -78 24 43 63 5 52 65 60 78 60 90 -72 -21 -69 -10 12 42 24 -92 53 -12 81 29 -72 3 -63 33 -21 49 -64 -12 -92 49 -22 -50 23 -54 -73 54 74 -94 68 84 -69 -4 -44 -37 -58 31 59 -35 4 -60 -17 
1 67 82 -54 38 70 -64 -90 -80 -37 95 -84 -80 8 -88 -35 67 -65 78 85 -96 36 -4 -59 -84 -12 -77 20 -77 5 9 -34 2 57 39 37 -70 73 -30 62 6 -58 -92 -2 -52 21 -33 -19 91 3 88 33 -97 -39 -39 81 24 44 78 -50 -83 51 -15 45 -9 -57 70 -79 43 -76 63 -32 -84 -78 94 -12 63 39 
76 -42 55 -68 -55 -5 -87 7 17 57 33 39 -80 -59 96 -84 92 16 2 -53 4 -78 90 78 75 99 -13 -1 74 -80 -97 67 100 94 89 45 48 -1 4 46 17 42 25 7 84 -66 3 63 54 2 7 -96 2 -16 -45 -41 -69 -32 42 99 70 75 53 -12 -12 -79 -8 -94 -80 43 -64 53 65 -95 -92 10 -19 -42 
-48 -85 81 38 20 -30 67 -71 34 34 71 -71 -92 -58 0 17 -34 -51 -100 -4 -38 -99 6 82 -31 -94 -4 8 -45 76 17 65 86 60 -31 81 -88 -12 -17 -13 38 -11 -7 -35 -44 -12 7 -41 84 -14 63 -77 -32 -52 75 -26 95 97 95 -46 58 48 15 87 76 -18 -17 47 -51 96 73 33 -65 50 -14 90 83 87 
84 -11 -11 -58 16 -78 91 65 9 -41 73 -72 -35 64 81 -96 -10 72 46 -80 81 63 -71 85 -40 -24 -92 -99 -51 -91 -21 -34 93 27 -87 -5 47 4 53 77 55 59 -64 69 10 -89 -4 73 30 -1 -80 20 -96 43 -100 31 -35 -77 -64 93 -41 27 -35 82 -57 99 89 -98 4 -78 8 -88 77 97 -93 1 -56 64 
-60 -90 -65 20 -35 22 75 45 24 65 67 57 -52 -24 68 -78 7 -57 38 65 -68 27 -94 93 -34 42 66 45 48 -1 9 -44 -76 -30 50 33 47 19 78 84 24 46 -37 8 75 -41 58 55 -9 81 92 -47 34 -18 35 -96 -23 -57 -24 7 -71 -88 -25 -93 -98 -30 96 -94 98 74 -52 -44 -90 -16 37 10 -47 -27 
-16 78 -34 -87 -8 4 -24 -5 -41 95 32 -9 53 -18 -53 48 -86 86 58 -60 66 -98 -94 -67 -94 -100 -95 -4 39 -15 -59 -10 -99 92 95 -99 -62 -52 17 -43 -23 54 15 -31 -96 -27 -51 -17 -6 83 27 91 -1 6 -82 43 84 3 -24 54 -90 -62 82 -47 91 33 8 -88 29 -9 52 92 -59 -15 52 -8 -49 -24 
96 68 -78 -1 -14 77 12 54 -83 86 8 -28 72 -94 68 42 -28 -27 80 -71 -19 -83 98 -97 4 51 -66 -25 72 -67 -75 -3 -90 -51 -14 4 97 -90 29 -51 94 -60 41 51 52 46 47 74 -49 -64 26 -3 63 -24 64 -23 -96 71 46 71 -91 61 70 -35 -59 82 59 -31 9 -36 62 -33 70 -97 -9 -70 -28 -56 
-36 2 36 71 -36 -77 52 -72 76 -58 95 -67 87 -74 77 -39 -22 -71 -40 -31 39 -98 12 62 -55 69 -100 -81 -13 72 32 -64 -71 67 -79 12 15 -59 -79 34 -88 -34 37 -7 84 56 -56 -99 -20 6 68 49 89 87 44 -53 -17 -24 51 -63 77 4 -24 -82 -64 -70 95 -87 16 92 9 -58 21 -3 77 35 95 89 
-91 -37 -20 -97 -2 71 -59 -20 13 10 -31 96 69 -18 -59 -71 -24 -22 -64 25 -95 13 63 -52 -9 -87 60 -27 -10 -97 -80 -18 -60 76 -60 11 -83 -9 -93 -60 56 -73 76 -58 1 -65 87 -87 78 27 -32 50 -87 92 5 -82 -14 -67 -14 6 -58 -45 25 -52 39 85 14 67 -9 59 51 -66 59 -38 35 56 -37 -99 
-5 -92 59 -100 -69 -89 80 92 -80 -33 39 -28 -54 20 -98 58 33 -1 87 -98 -81 -69 68 -39 73 50 80 96 -99 -31 -38 60 23 6 11 -94 -77 -20 72 1 -59 10 47 -22 -6 -28 4 90 -40 -46 94 92 37 -9 58 17 -41 -61 -38 -92 -80 -62 11 -77 80 77 -35 -37 -43 -99 19 34 -85 -82 89 41 71 -74 
-49 -94 68 -42 98 -82 -8 71 34 21 -36 19 -31 47 84 -17 -1 -30 -64 -80 54 -3 65 -11 -56 -77 -81 71 90 62 -34 -71 15 44 11 -12 -89 -39 -67 76 -57 -10 -90 -69 65 97 -9 72 -47 -66 -76 66 85 -55 95 72 70 23 -46 65 -4 78 -14 -37 10 -99 -69 -84 -48 -62 0 -54 -23 29 -45 55 -21 -71 
87 -5 79 70 -96 43 -90 60 -98 60 -20 -62 89 97 -62 -1 -34 85 4 74 -68 -3 -83 -10 83 57 -96 84 -59 98 25 99 73 -41 -60 -98 -26 66 79 -79 36 -77 59 -34 -57 32 -33 -82 -79 18 -47 28 25 -92 -2 81 92 0 -74 -81 -7 -10 76 35 -16 -64 -88 -63 3 70 -65 9 55 5 10 77 -74 41 
-36 18 -70 -78 -25 -48 -79 100 -76 50 -31 -98 -76 24 -44 71 -9 -42 -80 27 63 -23 -29 -83 -27 -71 90 85 -57 91 19 -25 39 -20 -32 -33 -41 -88 45 70 72 56 -7 -2 98 81 45 -11 -76 22 -19 -34 -52 16 -75 -53 -75 21 21 93 -62 -86 -5 -100 74 -68 -85 30 -31 -28 -61 72 -16 21 17 49 28 71 
33 -3 24 -4 10 66 -11 3 -54 59 -43 -89 -48 -76 67 79 22 20 31 -42 -30 91 79 -63 -64 -31 -45 2 1 61 -78 34 -2 53 -44 6 -88 85 -62 -61 -41 -42 -33 48 63 17 -92 75 -68 -58 68 46 -1 11 -91 -10 -67 -1 61 -37 -46 100 39 2 65 78 3 90 53 45 30 46 -99 55 11 84 -49 19 
36 -14 53 -10 -70 -68 -96 74 -29 -93 84 87 -82 4 -4 -86 -64 -59 56 -77 -91 -90 -66 55 4 -48 -78 -3 -96 5 35 -61 -9 88 -52 57 54 -51 -16 21 57 -97 -94 19 -43 -70 69 -93 10 -12 -23 -39 98 -67 35 72 -18 86 -73 -50 45 -92 83 -14 40 80 37 24 -74 -55 58 -68 -4 66 70 -20 -3 -64 
65 75 19 49 -19 -42 -31 62 -74 -86 -63 -54 37 -99 -3 -66 -56 -67 48 37 -5 -7 81 -77 50 68 96 -30 -38 -14 -5 71 91 -3 -20 94 27 -18 -46 57 -10 -40 44 -25 60 79 90 3 59 93 -21 -24 14 -40 -80 98 -27 28 -25 -50 84 33 -27 71 68 -38 6 18 -46 88 54 -82 -94 -15 -54 11 -15 69 
-64 65 17 63 25 -9 -82 -3 60 24 47 98 91 -80 8 73 -68 -17 -97 -74 -61 65 49 75 59 86 -57 29 87 60 63 97 40 37 -1 65 -1 -57 6 66 -81 -26 11 -77 76 -74 -16 89 79 38 93 -28 -65 72 -39 24 -87 17 -92 -62 -53 95 -84 -53 48 24 -57 89 12 -48 50 6 -99 -80 -9 8 21 81 
18 60 95 -17 51 -85 5 -50 16 -100 -18 27 67 68 -60 60 -85 33 -76 -98 99 95 80 -78 74 -40 43 39 -63 -73 -61 4 99 18 -90 40 44 93 -42 14 -52 100 -27 4 -80 50 63 74 89 67 -96 -95 37 -44 -84 2 -55 -6 -64 81 48 67 -70 97 -45 -38 88 77 49 67 -5 62 21 86 -32 27 -85 55 
71 -50 0 49 -44 -6 19 37 -28 -84 -58 -90 12 -62 -72 -64 8 -82 16 38 57 69 58 37 69 -65 -75 88 18 71 -72 80 -94 -92 11 90 16 0 -53 85 55 77 -19 15 -21 95 -49 69 -6 50 -58 18 -11 59 -72 7 -13 -85 1 17 33 29 -66 32 -57 -77 16 -19 -61 -42 -24 59 31 -37 3 60 35 -55 
100 47 -76 13 -54 -58 85 37 81 84 -4 -95 -15 48 -86 -83 54 64 19 49 38 31 39 75 22 33 60 -25 76 -3 61 12 -32 43 25 63 92 -58 -92 -3 -31 -30 -48 -84 16 79 -22 43 96 98 48 -37 -53 72 -8 19 79 71 17 -22 55 95 70 4 47 18 83 -19 39 99 11 -28 -81 -58 59 43 53 20 
-2 -22 37 -91 9 22 -74 6 37 -44 57 92 74 47 -46 -61 -71 88 38 -83 -82 53 72 -85 13 34 -13 19 10 -56 11 19 3 98 -79 9 -63 -27 39 -81 -58 -81 31 -66 34 -42 96 -25 -95 -50 -94 63 66 -21 -60 58 -24 -89 -29 -34 -99 -66 -55 -71 2 -21 83 -88 -23 99 -97 91 85 -38 -36 36 24 -91 
-78 -35 37 90 -63 26 -69 -15 -53 -91 -31 -9 -16 50 19 80 50 -75 -27 -83 -75 51 -66 95 11 41 -23 47 7 -55 60 45 45 -18 100 34 29 -27 1 -32 -37 -32 16 82 -56 -47 73 85 -18 56 52 81 -54 -58 5 -69 43 -40 -23 -64 79 -90 40 -26 -39 -99 -97 31 63 31 -13 11 -64 -45 -3 -68 -29 69 
-89 94 16 65 -2 -22 100 55 19 -30 60 93 91 73 9 11 55 32 13 -59 80 -55 96 -40 -83 27 -63 -96 7 92 15 39 100 -36 -12 -9 97 -35 -53 -41 97 7 -65 39 -45 -72 -6 -100 88 36 50 -52 17 41 -82 -96 72 47 -81 -61 73 -34 -19 100 -74 -62 61 73 93 -21 56 33 -95 73 -32 80 22 30 
26 54 52 52 48 90 40 -18 -63 -31 -30 55 65 -13 2 -22 26 -77 58 22 84 47 47 40 -27 15 86 -61 95 -75 64 -2 -49 -45 22 55 -63 99 50 7 58 -48 37 -51 50 20 12 95 -23 -44 -66 24 -47 -64 25 69 22 -3 -16 -83 88 -94 -4 -44 1 -59 -84 -98 79 41 -41 14 -96 24 -24 -66 -91 -52 
94 43 -62 -54 28 83 41 66 63 -9 40 -94 51 41 -26 31 -59 -57 14 -20 -70 1 -12 38 71 -69 -53 -40 50 68 -10 61 -26 76 80 -39 -54 78 -76 47 15 -92 8 -56 -80 -79 -6 33 -21 53 78 63 88 41 38 -24 99 93 -21 86 6 81 -35 64 -4 48 -73 25 55 32 -50 -21 52 6 -100 -46 79 -6 
13 13 -62 31 22 -35 -10 65 -63 -33 -34 68 59 78 31 -41 38 -90 -14 6 47 -19 -9 -86 -30 -80 25 48 80 26 62 -72 33 28 -15 18 59 77 -70 4 -90 -65 -53 22 19 91 -94 -60 -94 -56 -98 76 -76 95 -44 -74 82 93 16 -44 11 -41 78 50 -85 35 -19 -4 -88 27 78 58 -15 96 -25 -10 47 91 
81 -48 60 55 -34 27 -73 -74 23 92 28 -43 5 -17 25 -39 94 14 -94 -41 -34 -8 -79 -72 -31 -80 17 49 -31 47 9 14 -45 81 -32 79 -40 70 11 71 -70 -94 -53 -30 -32 -22 -42 7 -75 -88 -61 63 46 68 41 -25 30 73 -17 40 -75 75 -72 27 40 -88 -11 -92 -54 10 -99 -33 14 13 25 22 28 12 
67 -52 22 -19 -20 -24 38 59 17 72 -2 60 -47 58 51 52 49 14 -92 64 52 97 -55 36 100 -82 36 28 -72 17 89 61 36 -32 94 -61 -15 -84 68 -4 24 5 73 -25 22 -18 78 -28 -55 -76 70 71 37 -56 -96 14 -43 32 -33 -86 -81 -15 -16 100 86 -35 -83 -61 27 -4 8 38 -66 0 -62 57 -54 -96 
34 -54 -26 -1 -3 77 18 91 32 -3 56 -93 -67 -81 8 -54 87 8 -6 86 91 3 -80 69 -57 -43 97 -75 -50 8 -50 28 94 -60 53 -49 69 14 -43 -51 -8 -30 -91 64 63 80 32 33 -37 87 13 56 -40 -15 13 6 -53 3 -97 75 -92 -43 -82 64 33 88 -38 88 -61 71 -100 -66 -77 11 -40 -75 27 -33 
21 46 17 -31 51 31 -6 0 20 -73 -90 -49 69 -58 37 -98 65 86 56 16 97 0 100 91 -41 -73 -50 5 -6 49 -38 -81 -67 -9 -77 100 70 99 -61 -85 32 12 -99 11 -31 -59 -62 66 -67 71 -87 -3 18 -99 -79 -14 44 68 -80 50 89 -63 -51 -66 17 76 25 -41 -67 -96 -81 34 87 8 30 93 44 -88 
33 -24 -9 -16 -47 -74 19 50 -7 57 -79 92 -29 -36 25 39 -37 -88 -20 31 76 87 13 20 75 -53 70 -30 -45 55 -62 -68 91 98 -87 -57 62 15 30 -77 -66 58 56 90 84 28 9 -30 -27 -74 -32 -9 36 -7 -16 -44 55 23 60 -97 -26 -89 59 -29 66 18 -62 -50 -79 -81 -33 -11 -81 -69 -35 44 -93 -72 
82 25 21 -23 -62 -42 -72 39 12 7 76 44 -39 -70 -85 -15 -44 -2 -72 57 -44 76 5 -98 -61 -23 12 -35 23 74 26 32 -41 93 99 -15 -54 46 97 69 -59 85 42 90 33 -10 -29 -58 44 -66 64 45 16 95 41 31 -52 21 -78 -42 -18 -7 -96 64 53 70 86 -52 -60 -58 -19 -13 -92 11 50 57 24 -39 
-44 47 63 18 -35 77 -67 97 -56 34 75 97 -92 -99 85 82 -41 66 93 -12 -90 -65 -63 -14 -74 66 10 15 19 53 -17 72 0 29 -92 38 80 89 50 -7 -19 6 74 13 -58 -46 -96 73 -7 -39 -7 1 72 62 70 -5 -33 -23 36 -53 -79 64 -60 60 69 -68 -90 56 -18 24 -93 -18 -3 -80 -38 10 5 63 
48 95 -39 -81 -74 73 90 28 93 83 -31 -38 15 18 -71 -79 -27 74 -23 59 -82 -27 -83 20 -59 12 43 23 98 -71 26 70 -80 -28 42 59 -61 74 54 53 41 -14 -37 -49 33 52 51 -39 12 7 -90 61 -91 -53 84 -20 -67 -48 95 -90 74 -54 -28 -45 21 60 -13 46 -91 -77 98 66 -17 -47 31 94 -29 44 
94 -15 7 79 -86 68 -23 -6 77 82 65 95 83 -22 49 -42 -38 63 95 38 -14 8 -24 75 100 -45 70 95 -40 8 5 11 -29 35 -78 73 41 39 26 64 89 -43 26 -80 -72 19 66 78 91 61 -57 -93 -49 -64 -14 -36 44 -8 -35 -7 -27 -5 -51 -83 36 98 -30 17 -56 -69 1 71 -60 73 -70 -71 -26 71 
-83 -66 8 89 71 -37 99 -43 -85 82 16 14 -81 55 -93 68 43 -9 78 -79 -46 -85 -23 -85 -18 -61 -12 -15 81 -52 -86 -40 -25 12 -1 -13 -44 73 -58 96 -74 -11 83 -23 -71 29 65 -10 34 -60 -44 -98 -31 -45 -78 5 7 -13 -8 -41 53 61 14 -57 41 68 76 22 12 -18 21 -27 38 95 9 24 -48 -97 
-56 11 61 2 98 -50 -24 36 79 0 86 -67 -25 -51 -21 11 11 -81 -77 -75 -29 -23 0 4 -31 52 24 -28 -30 -100 39 -26 79 -58 -99 62 -63 87 -28 -87 78 63 74 -86 24 31 0 -62 16 17 -100 17 -31 14 60 46 -45 8 -6 69 -28 -36 16 -29 42 -11 44 33 -27 -8 -7 74 -54 89 -6 -35 -73 -40 
17 -93 30 83 12 -17 58 67 54 -44 48 -36 2 7 99 -74 40 -9 -51 -21 59 -68 15 -56 31 60 64 98 -41 -46 83 82 52 -40 -92 -27 72 -55 78 46 9 9 64 1 -87 -52 84 -56 -12 3 -66 97 -87 84 -34 -86 69 96 -48 42 54 -100 -5 -29 -11 -50 45 47 38 -14 -78 -61 89 -77 60 -85 -1 97 
-88 43 58 -38 -10 41 65 99 -57 -6 31 99 -77 -28 29 44 27 -12 -50 -63 -79 38 23 -89 32 31 -71 77 51 53 59 -14 -16 7 14 -50 -28 26 89 -29 -30 9 -40 29 -84 53 -93 50 -46 -51 -84 67 -64 100 18 1 -7 -7 -85 87 -30 1 -19 -76 89 12 49 87 -85 -77 30 9 -13 -18 15 -16 -97 69 
87 -4 100 -86 24 51 61 -11 73 2 91 -97 92 43 31 -82 -54 68 -71 -25 -3 -77 -85 96 -51 -34 45 22 -51 -50 -85 -13 58 68 -93 29 63 80 30 -9 -25 39 81 -77 -98 56 26 -7 28 86 34 -25 -57 -87 -20 23 -53 -76 -58 83 41 -37 -79 -24 23 45 -48 -20 -74 43 -82 -54 -7 -17 23 93 89 77 
7 52 -58 83 -71 -40 46 -72 75 -53 85 -77 38 -42 50 85 38 22 -13 57 -88 -34 -53 16 -50 3 32 -91 -48 8 43 -48 -48 79 5 67 98 9 42 -39 -42 53 -18 55 -48 -7 -76 -7 17 -14 -28 -99 -22 88 36 -27 -26 92 -24 -15 -59 -40 -45 13 -31 62 -95 -16 33 23 -15 -56 23 4 62 62 -47 -42 
56 -83 4 7 -39 37 50 21 -4 64 -35 -17 99 -65 -60 -20 61 69 -83 -53 -89 29 9 73 38 20 -16 -52 90 65 -32 59 66 46 45 -25 -9 -35 98 39 -35 70 -38 -31 -70 62 -62 25 -67 98 26 76 79 -26 89 20 -75 33 55 -38 -82 15 100 -48 4 -3 0 -59 79 -72 8 -75 -16 -58 -51 89 -39 -42 
57 -68 -77 17 -76 84 71 -62 -20 57 31 4 -53 -86 -51 40 -61 -16 -73 -79 -26 74 66 -53 -86 14 -90 68 -74 33 0 22 -34 16 -91 -51 -47 15 67 -74 88 -89 -15 7 -49 -93 -83 17 85 86 33 52 -90 -10 -67 39 -27 28 -10 88 96 57 65 34 96 61 7 -55 35 -43 20 -64 36 21 -14 39 88 -69 
-3 -7 100 -59 100 78 27 71 -56 55 85 -93 87 2 33 -79 -92 -35 -23 18 37 -88 13 -90 -97 85 14 4 -46 -26 60 75 -40 -76 -92 71 18 -24 46 -94 39 -52 -63 -11 30 93 41 65 -7 95 -35 -96 -37 37 -47 80 22 46 4 -100 83 -56 55 -89 79 62 15 16 -30 -59 26 98 57 -70 67 -81 82 -11 
-40 17 -11 -20 -75 -61 2 100 -58 38 83 -96 -35 40 -44 -17 40 -28 -80 51 24 -6 36 81 -36 15 5 -52 92 13 66 48 -74 -10 -50 91 50 62 35 57 9 38 -18 80 -39 64 23 72 -67 26 -46 38 99 -75 -5 3 74 -7 -45 -22 23 38 94 -7 -40 73 -29 -3 -26 -8 31 65 57 86 50 37 -14 28 
-94 -7 67 -44 9 -74 65 -24 83 41 86 -1 -33 90 -27 -42 98 -34 -71 -80 -1 66 18 -74 -67 -4 32 2 -74 -74 28 -78 20 86 -16 -84 -53 -59 -88 35 -52 -35 -3 42 34 -11 -76 10 -39 -30 72 -97 70 68 -67 48 30 44 -58 -49 83 79 35 -10 75 24 57 -21 66 -10 32 -80 -87 80 59 -49 -13 38 
-48 6 67 70 -5 -12 -82 5 -95 -20 -75 74 66 68 63 -79 -76 41 19 64 48 -78 53 18 70 -11 93 35 -45 -71 -21 66 -2 -34 8 65 37 -61 -48 4 -96 -98 86 -51 -74 -23 56 0 4 78 -93 -92 -43 81 -86 46 10 7 -6 -67 -42 -34 -90 18 -3 -38 -2 99 18 -27 -98 65 23 96 55 24 -29 22 
-91 -15 87 71 -79 -56 61 72 -61 80 -99 -92 50 -85 -66 58 44 -79 83 -46 39 -87 94 94 26 -79 7 -94 91 -20 2 35 70 -28 -92 -50 47 7 46 -46 -91 -46 -26 -14 -83 90 55 54 94 21 16 -13 -50 -80 81 39 65 -20 -25 81 -51 58 100 97 -48 55 90 83 -99 67 48 65 -97 58 -10 -12 45 21 
-14 66 -16 87 -99 91 74 -63 100 -1 44 -38 -40 -78 97 -20 -90 100 14 17 -73 -51 -1 88 14 67 51 -72 -28 -41 -91 -87 48 -3 -69 -9 42 -6 54 -38 27 -84 -41 42 -65 -40 68 -4 72 -16 -37 -79 -34 54 10 -14 -18 -73 -87 17 5 18 -88 -33 83 -74 -60 95 54 59 100 -63 2 72 63 45 -34 -55 
69 -63 65 81 45 51 82 85 -72 -33 -5 89 -84 71 3 -79 -1 -30 90 -5 53 -78 21 23 -19 -7 18 77 -7 91 98 87 72 -10 -98 78 -95 71 97 -100 27 -32 90 -60 95 -24 6 19 53 -10 13 19 4 -48 92 -62 37 -61 -37 97 -73 -36 13 18 -84 27 -7 -64 91 75 -1 88 99 97 10 -10 27 98 
84 -76 20 6 34 -22 -26 -71 67 71 49 50 56 -93 75 -16 85 -80 -62 13 21 -13 77 -29 -79 10 -84 76 -14 0 16 -71 80 16 41 96 -43 -32 25 52 -38 64 -5 -79 43 99 5 24 -11 -21 -85 59 -43 -61 33 -26 -79 90 -67 -76 -36 49 -27 57 -61 -74 7 -85 -80 84 100 -82 65 -17 -74 31 -58 -65 
-76 -49 33 -73 -94 18 -19 62 11 -8 -50 38 70 -31 -57 -87 85 99 1 52 35 -69 93 80 28 46 95 42 55 4 -24 -43 33 -40 35 99 69 -60 88 43 -53 47 55 25 -57 -35 -24 -56 77 38 83 36 44 -4 -68 67 42 66 -50 -50 2 85 -76 94 40 99 91 -89 0 87 -31 -22 10 -14 72 79 47 24 
-82 47 91 3 9 70 68 37 45 -10 -8 36 -71 70 -66 -20 60 -32 37 48 -3 93 93 -19 5 66 -3 -62 -47 36 -54 -43 -20 2 40 51 68 26 -78 5 -37 78 7 -72 95 -80 97 -17 -11 21 -10 77 -36 76 -20 -21 25 -26 -19 -83 -59 -76 -85 -68 -71 71 2 -98 -28 -61 -64 19 57 47 -85 -33 -88 -99 
-79 -52 -40 -67 37 84 21 12 46 -65 -46 82 -15 92 89 -15 -14 82 -88 -37 -29 18 32 -65 7 75 -63 -66 59 50 55 36 37 -65 86 35 26 -50 97 -66 37 -21 98 -82 -68 -52 -89 62 -8 -67 46 92 -71 74 -97 -84 -35 -96 7 31 75 76 24 -36 -6 48 -76 -99 41 -22 -15 59 64 96 83 63 23 -26 
27 14 -41 -72 56 -22 61 -90 -75 -32 -46 -82 -81 45 -18 -96 21 59 -77 36 50 -82 -49 83 15 23 54 16 -9 -64 20 17 -49 70 -46 29 -89 -90 -52 -45 -64 75 -87 -50 35 8 22 43 18 64 15 26 -58 -14 13 -50 -46 85 -68 -57 -57 -72 46 -19 30 64 33 -71 97 -32 -92 67 59 36 -52 -8 -48 99 
11 -30 -89 -7 -25 46 -67 -53 -91 -51 10 20 20 3 87 -93 52 78 -40 -69 -52 35 -34 -31 30 9 63 17 -89 -78 -21 80 -47 21 40 35 -25 28 -70 35 57 -46 34 33 56 48 99 17 46 -26 43 -8 -24 57 -53 -73 -59 28 -69 -63 29 -41 -68 53 68 -47 -78 52 5 13 78 79 -37 13 -82 -85 41 42 
-22 44 87 80 55 62 65 26 -68 -13 65 -63 27 80 -38 -92 52 -97 -57 48 70 5 -34 25 25 -68 -48 84 29 -15 -33 -30 -38 -62 -60 35 -11 -22 -92 35 -34 93 83 -94 12 -38 -15 73 -59 58 -77 -88 -99 -56 85 67 100 -17 -39 92 11 17 -39 -67 21 -41 94 6 -35 -35 -30 -54 -55 80 54 -7 -75 -57 
-6 -59 -72 55 -4 51 -29 -55 67 97 14 90 11 97 89 -65 -100 76 -46 -99 -28 45 -83 -52 30 -40 -53 -80 69 -22 -8 -21 -97 30 -85 11 3 99 -94 -47 -39 44 49 -57 77 65 -36 -34 77 -54 45 -76 100 -38 -46 -85 82 8 30 -65 -40 53 -91 -33 -45 -48 17 -94 85 -42 -58 5 -86 -44 -26 30 40 -99 
81 -42 32 -9 -93 -95 -61 -75 26 78 15 68 73 -67 51 -64 -42 31 -20 -23 -73 -39 -91 0 62 -42 -24 57 -15 65 62 22 -94 -8 -13 -57 74 -93 19 -41 57 65 28 72 -99 -27 68 -54 -78 30 -77 73 36 -47 -63 -27 20 -82 12 -68 -88 29 -31 45 25 95 -60 -79 -50 25 -26 95 -95 -96 34 -2 47 -31 
-4 57 38 4 -48 92 -87 -97 -72 80 84 -76 -12 -76 -49 -79 -61 -67 -98 -15 -24 -29 36 13 95 26 -29 -3 81 -67 13 -13 35 84 -25 -21 33 -78 51 -81 75 -44 91 -15 42 56 -22 -78 -36 90 37 7 -28 -82 89 30 46 35 27 35 67 -81 36 37 41 -34 -47 55 -12 -63 -66 -66 -36 56 -96 -95 90 88 
-86 89 93 19 -17 78 18 95 -2 -95 -82 65 -94 -32 -78 -97 -47 35 -12 -89 -95 -92 -71 -80 -48 -10 -27 -75 3 91 70 -40 65 27 89 37 -16 -28 -22 63 47 95 -1 -86 -22 -22 -12 14 59 25 76 17 -40 -54 -96 42 54 95 63 -90 -38 -31 -53 84 -47 70 65 72 -96 -54 54 -57 -66 44 -82 71 40 -4 
-21 -14 75 52 19 -91 73 -97 91 -100 -1 -26 -42 -63 1 23 -28 96 31 71 -18 -87 -16 -44 76 -84 -35 52 97 -68 -93 -10 86 -68 -9 81 -73 19 -7 -6 46 -96 49 99 -71 35 37 38 -62 -12 15 69 21 -43 -60 -98 94 1 9 70 -11 -55 -93 -45 58 -21 -72 67 34 35 95 -77 -88 82 49 27 77 -13 
23 33 -68 94 87 72 0 -14 -52 -79 28 -80 -67 -12 -24 -77 7 -46 -25 -28 6 57 55 55 51 47 66 4 56 -68 -57 -43 64 29 -96 -91 -83 -66 -27 75 6 -12 -77 97 -76 -85 -17 -26 -47 97 -50 -23 -13 16 10 -94 7 -36 -69 -1 27 -67 -69 46 -13 59 59 55 27 8 -56 -10 -39 -14 30 -51 -71 -55 
27 3 -39 2 -91 68 -90 79 98 51 73 15 27 0 -14 -35 46 -43 -59 65 28 76 93 91 54 -100 -70 -87 -27 -16 -13 9 98 71 93 -94 -48 100 4 -98 -5 72 74 89 -80 20 86 84 -79 -42 40 -30 -29 57 20 48 48 24 -41 -89 20 0 -30 -18 -94 -31 65 95 68 59 -79 6 74 11 62 89 61 -20 
-49 -16 -21 -53 -8 29 87 -87 39 55 -100 83 -34 -3 -79 90 52 44 -29 73 49 78 23 76 88 13 36 13 -25 -26 -67 -78 35 -63 -14 -51 29 -10 17 -5 80 47 43 81 -10 0 -59 67 -62 -45 -36 82 -3 -45 10 17 -92 55 -55 62 69 -58 -50 45 -11 39 72 -69 -82 -15 -2 60 -23 -62 -59 31 57 99 
58 -87 20 -75 93 2 99 -1 -5 -14 -26 4 -86 -83 60 60 -29 -30 -41 -47 69 11 30 45 -25 -46 -22 -60 -14 100 -76 -39 -49 -90 37 68 4 31 -98 -50 51 -86 -68 12 22 -1 37 26 -43 -85 -42 37 -26 -79 -90 -97 -14 -22 -68 58 -23 -42 88 87 -19 -54 49 10 7 -20 31 25 88 -47 -51 61 4 34 
-68 -2 -96 -4 -6 3 95 -14 19 85 35 4 82 50 10 1 8 -27 59 51 39 -97 -41 1 -72 -32 3 -9 -41 -15 -13 -54 9 -8 50 -84 29 -82 -12 22 81 39 60 29 -43 -20 22 -20 44 -17 -11 79 94 -9 43 -71 1 -48 -6 82 79 60 30 27 0 -19 -19 -31 23 17 42 -14 25 -57 90 97 70 -20 
53 16 -28 1 -83 17 80 7 -84 46 -49 6 78 -74 94 63 -44 -49 18 -43 -61 -20 -21 24 -86 -89 -78 98 -47 -52 7 -37 -72 41 65 -46 -2 -62 62 -16 42 -32 74 -13 18 -70 -47 84 55 -28 -12 -72 26 -65 11 -6 -29 95 -47 45 -11 -69 20 69 -99 -32 52 13 6 17 -74 -22 36 10 74 81 84 74 
73 6 93 -40 -74 44 -61 -72 46 85 62 5 -66 -23 48 -16 -29 52 53 76 44 47 -59 46 -76 -78 45 10 -60 46 -68 71 7 0 36 64 -86 39 -34 -53 -86 -36 -93 -1 8 -11 6 -47 -57 -24 -92 -29 -61 -68 -12 15 -92 85 -56 -100 -50 20 -20 30 -79 11 -27 43 -69 21 20 -24 21 36 -70 78 -55 -100 
54 43 -80 -78 52 -9 24 34 18 -53 22 -51 -38 34 20 25 -1 -84 32 32 34 21 74 47 -6 13 7 -15 28 41 86 88 58 -70 82 -58 -27 38 -47 -35 -100 26 17 -62 -18 25 99 44 10 -51 -39 -93 -35 93 73 -66 35 0 -42 -21 41 -56 -59 95 -83 -7 94 80 34 7 -95 41 -21 -30 22 -27 -31 12 
-77 -77 7 -12 99 -49 -34 -85 -36 30 -59 -47 -99 65 -25 -36 -32 -49 59 26 -80 -13 -86 81 53 -89 -30 5 -55 -51 -62 -21 -90 -57 6 -57 -71 -96 30 83 -21 -95 -17 92 -56 -61 35 82 28 59 15 -18 -33 74 -26 4 -10 -91 -67 -25 -23 -71 83 -33 -44 14 -41 8 -89 -18 -86 -20 -13 -67 -10 -91 91 -81 
-55 84 55 93 -33 -20 -61 85 -9 72 -86 18 6 1 -27 -56 70 68 -6 96 -67 -30 72 7 32 -98 -40 52 -6 -55 49 10 73 -50 64 92 98 15 28 -87 -47 78 -48 -7 62 -36 -75 -67 52 -99 -52 -68 -19 81 61 -25 -73 27 -43 80 66 -10 -73 58 99 2 -76 -33 67 -8 -68 -58 53 59 -37 4 -74 28 
-45 -40 -87 27 33 83 53 -51 -45 79 66 -65 -22 78 -99 -26 82 -20 17 35 50 10 12 -2 89 -88 82 69 95 76 47 -62 -24 94 -81 -11 40 20 -17 59 -4 8 -11 97 9 9 -16 -45 -6 -20 11 93 57 59 89 -42 60 40 -54 48 93 97 35 -7 91 -17 -34 -38 -56 -78 -53 -98 -32 65 -62 18 -16 68 
67 82 -83 -62 -82 12 -79 -65 91 -77 -61 -31 -91 -2 -73 -60 -78 100 -66 -58 75 60 -82 -14 -82 -47 54 -27 8 32 82 60 -18 -46 51 46 41 95 -76 63 -8 18 -10 -72 67 -74 -62 99 9 15 -14 99 42 81 -84 20 38 -47 -44 -58 100 -75 -65 11 -75 95 -87 -4 98 -1 -17 20 -72 -87 -98 88 65 -99 
23 -39 -11 90 17 83 63 53 -40 99 -50 -63 31 59 -87 20 -46 -43 -74 -10 -47 22 -71 -83 -49 -28 -22 3 18 86 65 57 -12 -15 -65 -89 4 18 -14 -40 -57 67 -41 -42 12 37 -22 -62 -90 32 -93 18 -21 36 23 95 26 -72 28 33 56 -47 39 15 61 67 18 -89 52 0 17 -77 28 76 27 -38 -2 -36 
46 74 -22 -29 -99 74 -100 99 45 -56 -4 -70 40 87 60 72 -59 81 76 -79 -23 59 0 -23 -74 -47 17 69 49 -30 30 -32 40 -13 -6 -10 -7 44 -87 67 -27 18 -6 -13 -86 -91 -66 -19 -100 -16 -85 24 51 -47 36 71 66 4 100 -91 3 50 81 -42 49 83 -49 14 49 22 -40 -4 -3 -22 12 10 -63 -6 
-39 -47 -67 -41 78 74 -28 94 -30 -71 2 87 -20 4 -30 -60 -47 -37 75 10 90 -100 29 2 -32 60 -86 1 -25 -67 58 -44 -25 -69 62 -1 -21 85 70 58 89 26 84 -50 50 67 78 -95 72 -76 -57 -39 12 -68 -49 -40 9 -85 14 -88 -25 62 -58 57 17 -35 -47 76 -74 68 -64 -78 -86 34 14 47 53 27 
-22 -97 45 -1 15 -7 52 -21 -27 62 1 16 7 -32 -33 91 -53 -56 48 8 -58 -9 -30 -16 93 2 4 52 -10 -30 53 -81 11 -66 -9 -9 -45 91 -53 -51 12 -23 35 -21 46 17 -83 6 87 47 14 -20 34 -13 99 36 77 -13 -74 83 91 -96 11 -64 -63 62 -7 42 -100 -8 25 40 -56 41 97 48 -57 6 
-4 20 88 51 54 -36 -28 -48 56 -14 90 33 -11 -48 82 -36 -77 -7 -15 9 -81 36 98 -59 53 42 -75 -75 1 34 -37 51 84 38 -88 -43 17 84 25 70 79 72 -10 58 -16 -2 -46 88 82 54 -65 66 84 91 -56 57 53 40 32 54 -66 14 39 16 -11 18 95 86 36 45 -91 -100 -60 -16 22 -96 -99 -6 
32 21 36 68 -30 -50 3 -60 -62 -50 -71 -11 -42 15 -13 54 -53 69 -11 -8 -53 -5 -33 70 -86 13 88 73 -13 -60 -11 -4 13 58 -36 -15 52 37 1 -78 1 60 -15 -27 -87 99 11 -53 -19 62 -70 31 -47 83 -34 -55 40 -4 59 28 94 70 -26 -4 -53 -83 -74 -21 -68 26 25 -50 -76 65 -97 24 19 -28 
-14 63 -29 6 -98 -50 10 -58 44 -88 -6 68 -20 96 25 46 29 -25 18 -37 -49 20 -36 -62 87 -69 -34 -48 -69 -97 93 -3 -83 -31 -1 13 -63 93 -96 54 -85 -89 46 -85 -82 -74 -27 82 93 -48 -57 -82 -62 -52 -84 -63 45 -43 38 19 -35 -5 30 -79 78 -90 37 20 -16 -50 55 -91 -97 68 67 29 -6 -26 
-87 -83 23 42 51 16 27 -59 12 -6 -15 82 -41 21 41 -77 59 29 27 23 31 54 24 7 9 62 -74 -87 -43 -32 6 75 39 -98 38 -63 -72 -1 82 -5 18 -59 77 26 95 -5 -4 -8 -26 -92 56 28 -18 -63 91 14 69 38 63 24 -22 -24 -52 29 -34 24 37 55 47 60 -11 -5 -68 27 35 -62 -57 -99 
63 81 29 2 -58 20 8 79 4 -10 -40 91 -42 -38 85 -3 -49 30 5 -97 20 38 -37 21 26 -88 72 9 -31 -88 21 30 6 75 19 -43 -32 24 -93 41 -78 -48 -76 67 -47 -70 35 61 43 78 42 69 6 64 -72 -90 92 -83 -26 69 26 9 12 22 28 -38 -33 57 10 -4 30 15 -91 81 -98 2 37 -90 
7 -81 -40 -71 87 -35 96 -90 77 34 68 47 3 -7 31 27 85 -42 13 43 97 82 67 4 28 -100 70 8 -48 -49 78 99 1 -42 74 33 -93 20 -77 -69 3 48 1 7 89 98 8 -71 -15 58 -94 -11 34 -38 -87 -5 69 -71 -33 36 55 -17 -70 8 -100 -99 53 79 94 -84 48 36 -100 -38 55 70 18 -25 
-7 3 -12 92 -35 -69 -20 12 78 28 -49 -82 18 42 9 49 97 85 -34 -60 75 -95 -42 40 -36 -67 -30 58 78 -4 77 -55 5 -67 80 -74 -11 49 -13 26 57 -31 91 82 30 87 -4 17 -19 -48 23 -97 -75 -59 19 -49 -44 -16 69 85 54 -60 17 -48 -30 -57 -45 41 96 -59 -35 28 -26 29 69 33 84 -90 
97 14 11 62 9 -63 52 -32 -54 61 -55 -99 -24 -71 78 -37 -61 5 1 72 22 70 33 20 4 -24 -63 43 -73 -84 -36 -44 -58 90 -8 48 1 -54 85 97 -80 -11 -90 79 -52 93 -84 -56 2 -2 -63 70 -70 52 -72 35 -67 -49 -31 -4 17 49 87 65 -59 7 4 33 -30 64 8 -76 -7 2 -70 99 -31 -58 
43 -23 5 100 -64 46 -85 56 -29 44 5 -25 74 -72 -56 14 17 -63 -45 55 -57 29 -3 22 -90 -60 26 12 38 -89 -90 92 -8 86 84 -64 66 -61 100 27 -83 -94 -44 -20 -97 54 1 -33 76 10 -42 15 87 -4 -58 67 -78 -16 -49 82 21 41 67 5 -3 -47 -97 37 70 66 -12 -82 25 -80 94 -54 28 -15 
-31 -40 -36 3 -45 -91 -53 -77 5 -67 -33 -9 97 29 96 -57 25 -20 -85 -40 -38 15 100 81 -56 -44 -84 -17 86 30 96 32 -70 54 61 -12 -60 15 20 -39 11 21 84 94 -56 50 -82 69 15 57 -64 -62 -84 -13 28 52 4 -74 -61 36 -11 -11 13 3 91 -6 -14 45 -86 -85 100 58 77 15 86 70 79 -6 
-57 -35 -83 29 -48 25 -90 53 64 69 -55 -19 14 48 76 1 1 97 -22 22 7 -67 -62 -47 74 -85 -7 91 68 59 83 -2 -5 59 0 27 73 41 -23 65 78 -72 -95 -77 -99 -91 52 -34 88 73 -32 -7 28 28 27 9 -2 73 29 -69 21 -24 -18 78 18 89 99 -24 -83 -78 20 -66 -3 -99 -54 21 -78 -42 
-22 -30 100 44 -45 14 -35 -51 90 69 -71 32 56 50 16 -2 -39 93 -58 86 -35 59 80 -60 78 74 -26 -73 -29 -4 44 -52 84 60 -28 66 78 -37 69 -96 56 -55 35 65 8 86 17 35 25 -84 9 -51 24 -50 65 33 82 67 14 22 12 93 -4 89 -99 99 3 98 -33 -93 19 7 46 53 100 56 85 92 
31 97 -79 -76 -47 -21 17 7 22 75 -95 -28 18 -17 -61 86 -56 78 -32 38 59 -39 -41 -96 -99 50 54 81 36 92 -63 81 10 -65 -16 93 -40 58 55 -25 39 -95 -90 -92 -70 -10 71 38 80 50 -48 73 69 -37 72 -69 28 82 -57 -5 -2 27 -89 -90 6 32 25 28 88 96 -59 -40 29 26 -59 -69 60 -56 
57 53 -43 82 50 85 -24 -74 -64 -16 -4 -72 -71 79 5 23 -23 87 99 -78 -63 -84 -9 -70 0 -44 86 -70 20 90 99 44 41 -95 -26 -47 -80 -32 90 -70 -44 -82 35 -85 -22 76 47 -66 72 89 -27 -47 93 31 -40 -2 9 -77 -50 -30 98 -9 -98 -61 33 37 -38 -96 85 -44 13 10 94 -61 -46 52 -48 58 
-57 -79 -83 -80 27 51 58 -37 30 -61 -94 29 -14 -15 -67 84 -26 97 34 -44 -79 -85 63 -91 -4 -90 93 -42 17 4 18 -52 63 -90 13 -94 63 -42 59 -60 100 -55 -33 -39 63 73 -28 36 -60 33 27 -11 -3 -91 -24 1 89 -100 -70 32 21 -92 -70 -13 -45 -38 29 -43 -31 83 27 -66 -93 15 -18 -44 6 54 
37 -10 -94 53 74 -73 -58 -84 -52 -35 -99 89 28 -15 91 65 29 63 98 -2 67 -11 -59 48 -18 -68 -82 -58 -91 70 -78 -68 -31 -38 13 -8 -86 -9 -20 85 -86 3 -5 -27 44 -93 6 -77 -57 56 -83 66 -62 -44 99 -90 89 -95 67 58 74 88 -33 73 -52 -94 97 8 53 -74 31 2 23 -98 81 -2 -93 92 
-50 -73 34 -37 -27 -42 74 59 -12 90 -12 -79 64 -95 97 -53 -66 -3 -55 88 97 35 1 -72 100 -14 -70 76 -77 -41 -5 -55 16 15 -56 -49 -92 56 58 -68 67 1 -20 -56 -60 -16 -35 65 -54 75 -44 25 -66 -51 -14 -59 54 66 -12 -25 -21 -89 -6 -93 -44 -18 32 -79 -27 -97 28 45 62 13 -81 -52 -55 5 
-17 -26 -95 2 62 -65 91 -63 45 11 -32 5 73 95 -31 -94 -93 -85 30 -34 94 77 57 -70 -60 62 96 14 -17 -80 -42 32 -38 -54 26 69 -10 -83 74 -16 26 5 -40 34 -7 42 24 -79 -99 26 -17 -93 91 -95 -11 32 -52 -88 -69 -33 -54 -72 8 -76 62 5 75 91 94 -61 -22 54 52 22 75 -88 63 91 
-7 -86 68 12 -38 81 67 -88 33 -10 -67 -12 21 -71 -86 5 -78 40 -88 46 -8 58 0 43 -97 34 75 66 -27 -19 41 -57 -82 -43 4 49 -97 -98 84 96 58 -13 -29 2 -52 -9 5 69 39 -68 98 -89 41 -53 -12 28 36 31 -47 3 68 80 -54 12 -20 17 44 8 -71 24 99 -49 52 99 37 -92 -65 -33 
-96 10 -8 45 20 65 -95 -98 -59 -14 67 28 8 29 75 -83 -72 -21 73 96 89 1 91 38 -44 90 50 56 69 -3 -4 14 -63 76 31 -97 -84 -17 22 26 70 -4 34 54 66 69 -34 -3 -97 28 70 -15 30 -10 -17 88 48 -95 -87 71 -94 33 20 -65 6 98 14 -91 29 86 -44 74 24 -2 52 -91 -84 -31 
-71 -32 86 91 9 -17 26 87 -5 91 95 -72 50 -66 -27 9 79 88 -94 -75 -5 -22 78 84 -20 25 44 93 -21 46 17 34 -61 -66 88 -3 32 83 -16 -68 46 48 -30 32 -53 -58 22 33 -81 98 42 40 -91 -34 11 -28 -65 -31 3 37 -39 93 -57 -40 42 100 -85 51 39 63 -36 -96 88 25 -96 94 61 73 
-55 46 -28 42 33 85 -14 19 57 -26 58 -95 -46 33 -41 56 81 28 67 -15 28 -84 42 78 -9 -20 22 20 18 -19 54 -23 -85 -99 80 -53 -70 -59 -27 63 71 66 28 -98 -86 96 -37 -67 -56 -74 -23 -100 72 -54 54 100 84 -88 -100 28 -45 -34 30 -67 83 -76 62 -44 -30 -41 -4 8 40 5 -37 91 -18 -60 
59 -61 -67 24 -46 -83 -18 23 48 61 -86 -72 -37 -46 -34 -95 -57 70 43 68 37 47 -44 -39 -19 55 -20 92 -36 -92 18 -83 -53 75 100 97 91 -5 3 20 -59 -2 31 -18 -86 22 52 7 -33 100 3 48 -8 87 -81 -30 -17 -38 95 20 99 22 -60 14 83 82 19 -67 -97 -5 -83 6 36 64 -61 -25 28 -60 
-59 60 -55 -35 -2 -75 32 56 -62 -17 -50 -51 31 -75 46 -70 36 27 -19 62 6 -3 -10 34 68 27 -53 -23 -83 48 -81 -37 27 -39 -75 61 5 75 5 -98 -80 4 44 6 -64 9 -41 -5 -20 90 -67 17 -32 47 -97 77 54 -99 -77 -49 -27 10 60 -6 -49 81 -39 -24 51 92 61 -37 20 68 39 22 -51 -63 
-9 50 86 23 85 41 93 0 22 59 -40 -46 26 -27 -67 33 65 13 -48 -77 -83 -33 81 -7 -52 52 -42 23 -41 -8 -17 -84 -53 73 -67 -7 45 -56 7 49 2 89 91 16 86 -92 -42 -92 80 -85 -100 -57 75 -72 -98 -2 -50 -79 66 -88 -81 61 24 -64 -64 97 67 -55 -86 -74 59 17 35 -43 66 -71 60 -12 
20 71 81 -64 93 71 78 -67 98 75 5 -52 45 -32 10 -61 48 61 -95 -48 -95 -84 -95 -79 28 -33 5 -57 -30 100 22 70 47 -67 89 20 54 69 -84 -4 5 -80 -81 -6 70 -89 49 -88 51 66 72 37 84 15 -97 -40 -17 10 13 -7 0 -42 50 -11 -36 93 84 -63 -65 -91 58 14 86 89 63 38 -96 25 
-70 -13 -18 82 77 79 24 -45 -87 -71 -49 69 -93 -22 -5 44 -16 -92 -88 -63 -94 28 -3 78 39 18 -47 -97 88 -6 0 46 91 -91 8 -22 -20 17 68 38 28 100 -9 -72 -36 -84 -78 -46 -34 -73 -67 -18 -94 -98 -2 77 -13 82 95 -97 98 -50 -6 -75 -42 39 -20 -66 -90 -5 -41 25 -71 74 61 0 99 5 
