212 119 1
-33 -35 -2 -24 -11 -40 -17 -27 -22 -24 -43 -43 -16 -4 -24 -11 -50 -17 -1 -36 -6 -29 -33 -49 -20 -34 -25 -37 -41 -15 -34 -35 -44 -32 -4 -11 -41 -4 -34 -22 -7 -15 -22 -36 -49 -31 -17 -31 -27 -10 -23 -15 -50 -3 -46 -21 -11 -31 -21 -46 -20 -23 -43 -38 -37 -18 -37 -7 -32 -33 -4 -6 -9 -29 -5 -15 -23 -33 -1 -16 -33 -40 -39 -29 -47 -2 -7 -23 -43 -48 -19 -28 -2 -40 -17 -15 -22 -34 -50 -34 0 -3 0 -33 -36 -8 -45 -10 -14 -42 -27 -48 -48 -15 -39 -14 -3 -30 -37 
-23 -19 -5 -8 -20 -34 -14 -25 -26 -6 -49 -21 0 -13 -9 -24 -11 -44 -8 -23 -50 -2 -16 -42 -7 -44 -48 -11 -3 -34 -35 -36 -5 0 -21 -25 -11 -46 -46 -47 -19 -45 -32 -39 -15 -17 -4 -2 -34 -42 -11 -17 -11 -1 -40 -11 -25 -35 -39 -24 -44 -3 -41 -45 -6 -39 -43 -45 -8 -24 -44 -11 -26 -43 -36 -19 0 -21 -17 -5 -43 -2 -10 -22 -9 -13 -2 -13 -3 -36 -39 -31 -23 -19 -27 -37 -27 -35 -9 -2 -13 -29 -38 -36 -44 -13 -23 -10 -42 -45 -16 -29 -26 -22 -49 -19 -38 -12 -36 
-22 -44 -44 -33 -42 -48 -8 -12 -6 -45 -50 -10 -47 -24 -26 -28 -27 -43 -41 -17 -22 -20 -12 -24 -38 -8 -11 -7 -7 -26 -26 -36 -42 -39 -4 -37 -42 -1 -36 -33 -28 -8 -42 -44 -25 -7 -5 -15 -44 -15 -18 -15 -50 -49 -2 -26 -39 -17 -14 -4 -37 -25 -20 -33 -33 -43 -30 -44 0 -15 -41 -39 0 -39 -9 -1 -28 -27 -4 -26 -16 -22 -21 -29 -29 -19 -10 -36 -23 -10 -12 -42 -33 -26 -6 -40 -4 -19 -38 -43 -15 -7 -3 -28 -16 -9 -13 -36 -14 -31 -40 -6 -50 -22 0 -49 -50 -36 -24 
-1 -17 -49 -18 -48 -38 -19 0 -35 -49 -16 -18 -42 -15 -42 -17 -46 -19 -24 -49 -1 -26 -38 -33 -5 -19 -17 -42 -34 -36 -18 -11 -8 -16 -18 -41 -21 -10 -38 -49 -4 -21 -32 -20 -32 -16 -42 -50 -7 -16 -32 -16 -42 -40 -19 -2 -23 -32 -20 -20 -22 -45 -39 -30 -8 -34 -7 -36 -2 -25 -42 -28 -43 -30 -33 -50 -23 -26 -29 -29 -43 -10 -39 -1 -44 -14 -6 -43 -34 -47 -43 -47 -16 -35 -29 -42 -1 -27 -19 -5 -33 -4 -45 -5 -12 -41 -26 -43 -49 -36 -2 -41 -2 -45 -38 -32 -45 -50 -3 
-31 -36 -7 -39 -24 -30 -9 -12 -31 0 -42 -38 -46 -25 -21 -39 -18 -10 -7 -23 -41 -33 -48 -20 -42 -36 -40 -31 -7 -13 -44 -18 -28 -15 -47 -4 -45 -46 -25 -30 -43 -47 -4 -7 -20 -13 -13 -18 -13 -10 -50 -48 -16 -43 -23 -29 -28 -18 -31 -35 -11 -1 -27 -43 -11 -1 -5 -20 -13 -44 -39 -23 -38 -31 -9 -3 -11 -43 -24 -36 -47 -24 -20 -50 -1 0 -49 -44 -19 -29 -24 -36 -50 -8 -8 -41 -11 -17 -12 -44 -50 -23 -33 -49 -47 -31 -39 -24 -4 0 -12 -23 0 -6 -19 -30 -35 -30 -49 
-22 -50 -30 -49 -29 -33 -48 -13 -36 -47 -23 -34 -50 -28 -21 -10 0 -23 -18 -19 -19 -32 -37 -17 -42 -10 -31 -21 -48 -7 -21 -13 -41 -37 -37 -9 -14 -48 -27 -26 -20 -44 0 -40 -9 -31 -20 -41 -9 -45 -36 -23 -18 -10 -50 -21 -39 -6 -40 -20 -36 0 -2 -25 -33 -11 -37 -22 0 -45 -17 -28 -45 -21 -36 -1 -41 -21 -21 -6 -22 -24 -17 -1 -38 -46 -50 -32 -23 -28 -46 -14 -46 -38 -12 -21 -38 -34 -16 -8 -10 0 -22 -50 -3 -47 -47 -43 -17 -16 -2 -46 0 -1 -37 -11 -9 -20 -5 
-29 -48 -45 -2 -20 -37 -24 -19 -22 -39 -30 -47 -24 -27 -41 -29 -13 -9 -41 -29 0 -25 -47 -47 -46 -10 -39 -39 -37 -38 -1 -46 -48 -38 -24 -50 -10 -6 -28 -15 -31 -19 -38 -22 -37 -37 -27 -18 -9 -43 -28 -48 -35 -9 -26 -9 -22 -50 -37 -9 -27 -36 -25 -28 -33 -34 -19 -16 -5 -4 -21 -49 -41 -37 -8 -24 -3 -35 -43 -44 -1 -31 -31 -24 -38 -34 -9 -22 -35 -24 -29 -13 -29 -4 -47 -3 -28 -32 -21 -7 -18 -40 -10 -18 -9 -38 -8 -33 -47 -17 -10 -48 -26 -25 -50 -43 -9 -18 -42 
-31 -2 -40 -19 -7 -6 -36 -43 -2 -6 -31 -38 -35 -49 -35 -9 -32 -27 -11 -41 -3 -33 -39 -22 -2 -41 -7 -34 -18 -22 -14 -38 -3 -20 -22 -24 -23 -41 -28 -9 -32 -21 -21 -35 -30 -17 -48 -35 -41 -14 -11 -32 -33 -47 -17 -45 -28 -8 -28 -15 -40 -11 -33 -38 -35 -14 0 -36 -29 -39 -16 -32 -48 -50 -41 -20 -13 -32 -23 -47 -47 -21 -14 -7 -18 -15 -41 -28 -46 -18 -14 -19 -31 -24 -30 -45 0 -31 -1 -9 -43 -24 -3 -41 -41 -28 -3 -10 -42 -8 -26 0 -40 -49 -34 -41 -50 -6 -18 
-39 -7 0 -3 -31 -34 -9 -41 -47 -13 -22 -37 -7 -29 -19 -13 -18 -49 -28 -12 -44 -21 -13 -41 -33 -36 -5 -22 -37 -35 -10 -3 -47 -16 -44 -49 -30 -47 -7 -24 -41 -31 -40 -48 -49 -36 -41 -35 -28 -3 -32 -11 0 -18 -26 -9 -30 -42 -33 -44 -2 -24 -23 -33 -12 -41 -41 -47 -25 -10 -38 -40 -6 -27 -50 -15 -9 -13 -2 -7 -23 -18 -42 -48 -46 -23 -6 -27 -36 -15 -36 -6 -8 -47 -18 -35 -18 -18 -39 -26 -34 -8 -22 -41 -45 -38 -17 -4 -35 -39 -47 -50 -9 -20 -31 -37 -37 -9 -24 
-20 -30 -28 -28 -18 -44 -17 -26 -34 -31 -8 -46 -10 -40 -21 -33 -9 -47 -50 -46 -39 -28 -11 -16 -30 -28 0 -18 -14 -28 -27 -15 -1 -25 -5 -49 -33 -18 -34 -29 -6 -29 -18 -3 -22 -32 -34 -24 -36 -41 -46 -7 -39 -48 -36 -17 -49 -39 -33 -18 -48 -35 -31 -38 -19 -37 0 -19 -33 -25 -6 -2 -32 -45 -5 -42 -29 -15 -2 -32 -50 -28 -15 -46 0 -50 -34 -31 -3 -27 -46 -20 -50 -32 -37 -9 -40 -8 -45 -31 -17 -19 -30 -21 -17 -7 -11 -18 -35 -36 -20 -31 -8 -49 -16 -44 -36 -37 -19 
-1 -20 -32 -37 -10 -4 -21 -29 -37 -27 -1 -25 -35 -11 -28 -26 -50 -39 -46 -26 -5 -48 -13 -39 -16 -48 -16 -46 -29 -46 -16 -19 -20 -34 -41 -6 -11 -10 -32 -22 -1 0 -5 -9 -17 -44 -32 -42 -38 -17 -3 -16 -45 -34 -8 -12 -24 -50 -7 -8 -19 -44 -14 -5 -47 -43 -33 0 -5 -8 -34 -38 -2 -26 -29 -8 -8 -9 -18 -47 -13 -22 -3 -18 -38 -28 -38 -13 -38 -9 -26 -44 -48 -39 -20 -26 -34 -34 -12 -47 -50 -1 -19 -19 -25 -4 -27 -13 -2 -43 -4 -35 -3 -11 -29 -43 -17 -15 -41 
-24 -26 -29 -33 -12 -21 -34 -49 -46 -39 -15 -49 -22 -6 -16 -38 -20 -23 -21 -14 -6 -12 -25 -18 -48 -12 -5 -44 -50 -21 -34 -8 -2 -12 -10 -6 -49 -25 -30 -28 -17 -17 -29 -36 -22 -15 -14 -48 -35 -17 -41 -37 -39 -26 -24 -2 0 -32 -33 -24 0 -7 -45 -20 -35 -41 -47 -30 -42 -6 -27 -44 -10 -4 -35 -50 -10 -48 -44 -46 -25 -27 -46 -18 -45 -20 -40 -47 -41 -3 -27 -16 -28 -4 -14 -5 -47 -43 -22 -16 -4 -40 -19 -29 -18 -7 -28 -28 -47 -5 -21 -17 -8 -49 -20 -31 -16 -24 -36 
-48 -39 -20 -49 -12 -1 -25 -50 -2 -30 -1 -14 -48 -3 -50 -29 -10 -19 -34 -11 -44 -15 -10 -10 -7 -28 -13 -21 -11 -25 -50 -1 -8 -37 -49 -7 -28 -31 -10 -8 -1 -11 -44 -2 -48 -33 -44 -6 -6 -14 -50 -8 -22 -41 -28 -26 -36 -41 -20 -18 -43 -30 -42 -33 -12 -27 -11 -13 -27 -4 -38 -30 -13 -23 -9 -20 -6 -12 -1 -30 -12 -35 -1 -26 -17 -15 -16 -9 -36 -37 -8 -18 -23 -40 -1 -9 -7 -32 -12 -28 -30 -21 -22 -7 -11 -35 -15 -8 -40 -8 -16 -40 -29 -10 -39 -36 -8 -6 -9 
-28 -12 -42 -49 -47 -33 -48 -18 -24 -49 -30 -48 -20 -19 -20 -34 -6 -20 -7 -3 -35 -9 -26 -48 -20 -44 -30 -8 0 -35 -1 -35 -44 -18 -37 -8 -49 -14 -2 -13 -25 0 -50 -37 -28 -27 -45 -46 -19 -2 -34 0 -47 -20 -27 -39 -33 -39 -28 -38 -42 -48 -32 -43 -30 -7 -24 -8 -49 -14 -19 -3 -29 -41 -2 -19 -7 -4 -40 -29 -17 -25 -36 -2 -27 -37 -40 -23 -30 -42 0 -17 -32 -14 -17 -25 -9 -20 -42 -3 -49 -13 -25 -33 -5 -1 -43 -49 -31 -10 -35 -50 -35 -41 -20 -41 -44 -7 -23 
-22 -22 -29 -2 -18 -10 -21 -14 -38 -19 -11 -32 -37 -27 -3 -40 -35 -39 -37 -2 -22 -38 -24 -43 -50 -9 -45 0 -10 -4 -22 -22 -20 -25 -28 -6 -38 -45 -11 -47 -46 -45 -8 -5 -39 -49 -35 -14 -28 -19 -7 -19 -42 0 -10 -25 -44 -48 -5 -10 -28 -29 -35 -37 -3 -5 -32 -14 -16 -15 -14 -49 -33 -23 -44 -35 -7 -12 -42 -19 -49 -33 -17 -9 -6 -19 -40 -15 -32 -24 -4 -37 -42 -32 -20 -21 -11 -30 -16 -31 -14 -40 -37 -29 -7 -18 -28 -26 -34 -9 -29 -17 -18 -15 -40 -22 -45 -28 -22 
-5 -46 -12 -11 -42 -28 -8 -44 -36 -21 -2 -22 -2 -28 -30 -33 -27 -50 -37 -5 -42 -35 -9 -34 -13 -6 -19 -3 -36 -30 -25 -21 -24 -23 -31 -37 -37 -29 -45 -18 -10 -25 -50 -28 -2 -5 -13 -46 -35 -45 -50 -46 -19 -49 -46 -4 -11 -38 -49 -19 -7 -37 -37 -14 -22 -2 -39 -12 -40 -43 -22 -14 -37 -33 -42 0 -49 -28 -3 -25 -42 -45 -17 -22 -47 -32 -20 -32 -25 -12 -31 -34 -18 -10 0 -31 -3 -24 -21 -19 -31 -1 -11 -45 -21 -9 -27 -28 -50 -49 -22 -21 -47 -1 -4 -22 -18 -33 -7 
-11 -28 -32 -19 -15 -29 -9 -37 -12 -31 -26 -23 -30 -2 -30 -6 -31 -26 -4 -37 -32 -22 -9 -25 -29 -29 -26 -11 -23 -25 -16 -41 -3 -39 -46 -17 -17 -12 -36 -39 -36 -22 -46 -5 -46 -1 -9 -6 -37 -29 -43 -32 -50 -48 -11 -48 -50 -26 -36 -15 -23 -5 -10 -16 -36 -37 -50 -42 -16 -16 0 -41 -7 -34 -33 -38 -1 -8 -4 -28 -45 -46 -5 -7 -24 -40 -47 -29 -42 -36 -42 -37 -36 -15 -45 -26 -40 -38 -34 -36 -22 -46 -39 -16 -14 -39 -13 -2 -36 -36 -43 -4 -17 -13 -40 -29 -49 -24 -18 
-45 -4 -12 -34 -2 -35 -14 -23 -13 -25 -33 -23 -15 -50 -43 -25 -41 -27 -5 -4 -41 -46 -15 -8 -45 -38 -16 -45 -28 -12 -24 -28 -47 -50 -41 -40 -41 -13 0 -6 -32 -20 -16 -46 -12 -35 -42 -44 -12 -37 -7 -32 -2 -44 -11 -21 -21 -33 -10 -27 -46 -47 -27 -9 -19 -13 -41 -50 -41 -48 -13 -31 -30 -48 -8 -13 -14 -23 -5 -20 -18 -1 -41 -15 -42 -6 -24 -36 -15 -25 0 -42 -41 -14 -33 -31 -42 -39 -49 -26 -33 -3 -46 -47 -42 -7 -5 -32 -29 -13 -12 -11 -45 -10 -24 0 -6 -36 -31 
-13 -35 -43 -15 -48 -31 -48 -46 -37 -31 -11 -38 -6 -49 -47 -15 -8 -46 -47 -33 -42 -42 -46 -6 -22 -36 -35 -47 -19 -16 -47 -5 -37 -18 -24 -31 -49 -33 -9 -29 -23 -19 -4 -40 -35 -24 -12 -49 -6 -45 -17 -9 -19 -11 -19 -40 -46 -26 -40 -23 -25 -3 -22 -23 -31 -34 -27 -15 -33 -26 -44 -16 -28 -27 -44 -7 -29 -18 -34 -33 -23 -42 -4 -14 -43 -44 -23 -50 -1 -37 -34 -6 -23 -39 -33 -38 -34 -23 -7 -22 -33 -30 -8 -27 -11 -17 -21 -49 -5 -36 -16 -48 -39 -46 -14 -1 -26 -24 -37 
-16 -17 -39 -43 -8 -17 -17 -26 -40 0 -45 -27 -35 -18 -42 -7 -31 -5 -11 -37 -22 -2 -7 -6 -22 -44 -48 -12 -18 -42 -7 -19 -7 -50 -2 -1 -29 -20 -9 -19 -21 -29 -37 -41 -40 -19 -6 -2 0 -6 -35 -19 -16 -44 -21 -7 -31 -5 -50 -2 -21 -34 0 -5 -3 -43 -31 -45 -10 -22 -9 -31 -7 -4 -48 -15 -14 -9 -38 -6 -13 -4 -30 -2 -22 -10 -18 -46 -7 -9 -33 -46 -32 0 -24 -23 -2 -7 -25 -38 -27 -48 -49 -47 -36 -30 0 -23 -20 -18 -49 -25 -2 -33 0 -29 -22 -10 -9 
-7 -17 -42 -29 -15 -38 -36 -22 -22 -5 -13 -26 -27 -48 -13 0 -12 -19 -49 -9 -5 -37 -6 -2 -16 -27 -34 -6 -23 0 -22 -32 -24 -16 -46 -26 -30 -49 -35 -50 -23 -8 -47 -50 -18 -12 -28 -4 -32 -36 -43 -32 -21 -41 -24 -26 -41 -11 -42 -27 0 -29 -24 -38 -12 -26 -47 -24 0 -5 -9 -2 -41 -45 -37 -45 -13 -40 -12 -20 -4 -32 -45 -49 -43 -31 -5 -19 -18 -35 -12 -36 -30 -33 -24 -5 -19 -8 -39 -45 -8 -8 -49 -31 -35 -15 -35 -39 -13 -2 -3 -22 -11 -16 -1 -10 -17 -23 -35 
-10 -43 -8 -17 -7 -21 -7 -29 -17 -22 -3 -2 -3 -33 -13 -4 0 -18 -38 -38 -47 -30 -34 -24 -29 -7 -4 -11 -25 -17 -45 -19 -45 -40 -33 -17 -30 -3 -37 -12 -16 -5 -10 -39 -24 -24 -39 -17 -25 -35 -13 -19 -45 -35 -14 -31 -34 -41 -1 -44 -20 -43 -40 -29 -22 -24 -39 -16 -47 -3 -46 -20 -9 -10 -16 -9 -5 -27 -45 -23 0 -30 -16 -49 -42 -19 -49 -37 -36 -34 -19 -43 -35 -25 -44 -24 -25 -9 -5 -35 -49 -17 -30 -24 -24 -41 -47 -17 -27 -12 -25 -34 -11 -10 -48 -6 -43 -19 -6 
-39 -19 -23 -3 -34 -5 -43 -11 -5 -46 -16 0 -29 -6 -42 -1 -2 -12 -19 -47 -17 -12 -22 -48 -34 -42 -42 -17 -45 -18 -46 -7 -14 -18 -8 -21 -42 -13 -45 -24 -21 -26 -29 -21 -48 -33 -21 -27 -40 -21 -24 -10 -44 -36 -16 -20 -3 -19 -17 -19 -13 -24 -19 -8 -3 -38 -40 -42 0 -20 -43 -30 -7 -23 0 -17 -49 -21 -23 -39 -28 -7 -24 -47 -50 -4 -40 -32 -41 -42 -4 -16 -42 -34 -46 -47 -25 -6 -26 -18 -23 -24 -44 -20 -25 -8 -2 -47 -29 -2 -9 -22 -41 -12 -39 -18 -42 -36 -23 
-44 -34 -4 -30 -44 -32 -7 -44 -2 -44 -11 -13 -20 -38 -46 -42 -30 -11 -46 -11 -31 -20 -35 -21 -49 -46 -11 -47 -49 -4 -8 -28 -1 -7 -13 -44 -12 -24 -6 -8 -48 -34 -13 -35 -10 -38 -10 -17 -47 -39 -15 -35 -24 -38 -39 -13 -32 -43 -22 -30 -1 -37 -5 -10 -10 -41 -10 -20 -20 -36 -24 -23 -6 -40 -28 -21 -9 -36 -16 -43 -11 -10 -28 -50 -41 -49 -25 -10 -37 -40 -26 -40 -30 -43 -20 -10 -4 -15 -24 -38 -49 -24 -19 -40 -25 -43 -16 -50 -6 -10 -25 -15 -49 -32 -12 -21 -45 -16 -26 
-4 -30 -47 -9 -23 -25 -49 -27 -24 -6 -32 -9 -47 -19 -29 -21 -45 -48 -23 -7 -27 -13 -23 -3 -32 -9 -46 -47 -26 -45 -36 -4 -48 -34 -6 -43 -2 -38 -9 -41 -38 -43 -17 -5 -15 -50 -27 -24 -41 -33 -19 -7 -37 -30 -18 -12 -44 -1 -12 -37 -11 -23 -31 -44 -4 -45 -29 -7 -47 -36 -14 -33 -4 -38 -39 -18 -19 -10 -9 -15 -32 -23 -12 -42 -3 -48 -27 -27 -28 -37 -37 -50 0 -5 -19 -46 -8 -36 -9 -23 -42 -31 -11 -18 -34 -40 -12 -31 -16 -28 -39 -31 -10 -19 -19 -29 -5 -17 -49 
-14 -14 -11 -35 -21 -49 -9 -39 -6 -33 -12 -15 -4 -20 -26 -41 -27 -21 -38 -4 -5 -32 -11 -9 -2 -16 -31 0 -16 -48 -30 -6 0 -48 -15 -29 -1 -17 -46 -1 -50 -16 -17 -47 0 -7 -27 -23 -26 -31 -4 -11 -36 -39 -38 -24 -47 -28 -13 -16 -30 -13 -24 -4 -14 -32 -42 -9 -32 -5 -43 -3 -44 -30 -25 -40 -40 -18 -23 -8 -11 -10 -1 -5 -9 -46 -27 -35 -28 -10 -18 -41 -17 -21 -45 -9 -31 -2 -24 -46 0 -17 -40 -4 -45 -49 -32 -1 -15 -22 -34 -25 -14 -43 -6 -7 -43 0 -45 
-22 -13 -28 -30 -43 -27 -3 -4 -34 -49 -27 -13 -4 -28 -27 -8 -18 -21 -15 -39 -39 -1 -35 -44 -19 -39 -40 -27 -50 -30 -4 -42 -5 -10 -24 -13 -6 -45 -6 -22 -41 -49 -10 -45 -19 -46 -10 -10 -10 -34 -13 -10 -24 -50 -42 -19 -10 -20 -44 -39 -33 -4 -45 -39 -9 -25 -42 -26 -8 -14 -23 -32 -22 -32 -28 -8 -16 -45 -3 -49 -12 -28 -32 -40 -3 -8 -46 -3 -45 -32 -42 -19 -15 -29 -17 -19 -20 -34 -22 -30 -45 -18 -2 -10 -8 -2 -48 -3 -11 -17 -15 -43 -4 0 -2 -14 -8 -50 -27 
-20 -5 -17 -21 -48 -3 -13 -50 -10 -1 -25 -23 -31 -21 -1 -48 -39 -50 -25 -37 -12 -24 -37 -24 -19 -17 -30 -37 -24 -29 -42 -38 -31 -9 -20 -26 -3 -48 -32 -2 -42 -32 -13 -18 -49 -13 -31 -42 -49 -31 -20 -20 -15 -45 -12 -36 -40 -13 -31 -35 -8 -29 -47 -40 -36 -44 -40 -20 -44 -45 -25 -7 -29 -48 -31 -44 -48 -22 -27 -21 -32 -29 -37 -31 -48 -25 0 -21 -23 -4 -47 -35 -29 -44 -48 -19 -48 -45 -15 -14 -46 -30 -27 -28 -22 -19 -49 -32 -40 -24 -23 -42 -28 -45 -29 -50 -11 -8 -35 
-46 -28 -12 -15 -39 -29 -2 -3 -30 -28 -11 -25 -23 -36 -27 -48 -14 -21 -43 -33 -4 -7 -12 -21 0 -28 -16 -1 -40 -43 -22 -35 -37 -12 -25 -16 -15 -23 -35 -36 -42 -23 -31 -23 -47 -9 -41 -16 -16 -9 -8 -34 -37 -33 -43 -45 -22 -43 -26 -2 0 -42 -44 -43 -10 0 -21 -7 -9 -14 -2 -35 -28 -36 -18 -35 -42 -33 -15 -39 -41 -38 -39 -40 -11 -36 -50 -30 -45 -23 -12 -11 -48 -35 -17 -21 -36 -5 -8 -22 -35 -4 -47 -50 -13 -13 -9 -37 -8 -26 -12 -22 -32 -30 -47 -42 -22 -36 -24 
-34 -46 -1 -47 -9 -49 -46 -44 -3 -30 -23 -19 -17 -4 -38 -5 -41 -5 -32 -39 -9 -26 -50 -4 -26 -30 -2 -34 -22 -35 -22 -2 -29 -20 -40 -24 -8 -35 -2 -16 -17 -14 -14 -23 -26 -7 -6 -31 -47 -11 -24 -38 -4 -16 -8 -40 -26 -47 -39 -50 -15 -21 -28 -8 -30 -16 -6 -17 -39 -43 -12 -41 -7 -9 -7 -43 -49 -14 -38 -16 -29 -34 -9 -20 -18 -36 -30 -46 -27 -18 -23 -33 -46 -6 -41 -20 -50 -15 -23 -19 -35 -24 -38 -1 -37 -25 -32 -49 -5 -34 -19 -22 -36 -23 -9 -39 -36 -8 -42 
-17 -21 0 -33 -7 -3 -16 -26 -4 -23 0 -6 -25 -49 -43 -48 -20 -33 -35 -45 -21 -32 -23 -28 -49 -31 -19 -10 -23 -17 -45 -36 -39 -32 -10 -37 -1 -50 -46 -29 -12 -9 -2 -3 -19 -11 -27 -35 -25 -47 -39 -7 -30 -23 -16 -48 -40 -12 -14 -44 -22 -45 -34 -40 -28 -18 0 -7 -42 0 -46 -14 -35 -37 -42 -45 -19 -39 -45 -3 0 -48 -46 -14 -13 -1 -1 -28 -42 -16 -20 -11 -23 -13 -25 -40 -17 -29 -24 -7 -48 -33 -30 -38 -9 -49 -21 -16 -2 -20 -48 -5 -46 -48 -27 -40 -35 -40 -9 
-40 -28 -13 -18 -7 -15 -36 -29 -38 -49 -16 -6 0 -6 -4 -23 -16 -29 -44 -23 -20 -12 -45 -24 -23 -29 -34 -17 -13 -39 -36 -49 0 -10 -28 -3 -16 0 -47 -36 -5 -40 -36 -31 -37 -29 -5 -5 -5 -20 -1 -33 -7 -50 -34 -28 -17 -12 -42 -17 -3 -30 -28 -7 -39 -44 -40 -9 -44 -46 -35 -31 -46 -22 -26 -40 -30 -24 -19 -24 -42 -44 -3 -18 -40 -38 -16 -49 -28 -41 -42 -1 -18 0 -30 -31 -9 -39 -33 -25 -20 -31 -35 -28 -15 -12 -48 -17 -48 -24 -30 -9 -33 -7 -42 -33 -25 -38 -14 
-31 -38 -36 -18 -25 -12 -42 -31 -20 -9 -16 -45 -36 -39 -16 -19 -5 0 -8 0 -11 -34 -7 -34 -12 -8 0 -12 -41 -41 -22 -15 -1 -1 -14 -4 -19 -2 -41 -17 -43 -48 -11 -28 -7 -11 -38 -24 -18 -17 -40 -28 -21 -28 -15 -47 -37 -25 -2 -28 -39 -28 -28 -29 -3 -11 -49 -48 -25 -10 -40 -30 -39 -40 -2 -18 -44 -12 -48 -14 -20 -26 -29 -27 -6 -20 -28 -23 -23 -7 -11 -24 -45 -4 -10 -29 -22 -34 -4 -45 -7 -7 -21 -40 -43 -39 -1 -46 -16 -49 -36 -29 -25 -34 -22 -13 -38 -45 -48 
-28 -11 -32 -50 -6 -31 -42 -36 -30 -33 -29 -49 -16 -47 -18 -42 -20 -31 -22 -30 -25 -42 -50 -3 -28 -36 -48 -17 -22 -23 -3 -35 -3 -44 -45 -10 -30 -10 -25 -23 -44 -37 -47 -2 -19 -17 -34 -20 -14 -10 -19 -34 -49 -44 -47 -17 -12 -25 -17 -16 -21 -27 -47 -1 -43 -24 -5 -11 -32 -26 -10 -2 -17 -42 -12 -1 -19 -45 -21 -50 -2 -40 -43 -30 -13 -17 -25 -10 -30 -20 -48 -48 -24 -16 -5 -21 -47 -29 -35 -15 0 -2 -49 -33 -13 -38 -11 -22 -18 -2 -43 -10 -1 -22 -24 -27 -31 -10 -28 
-19 -26 -17 -8 -8 -26 -36 -2 -5 0 -2 -3 -4 -34 -42 -35 -17 -33 -9 -5 -31 -33 -28 -30 -23 0 -49 -12 -34 -38 -7 -19 -35 -21 -23 -48 -26 -39 -27 -12 -16 -40 -50 -10 -13 -6 -16 -36 -7 -11 -27 -36 -27 -9 -39 -21 -10 -41 -12 -48 -17 -12 -33 -7 -13 -50 -2 -12 -18 -12 -34 -18 -38 -13 -29 -30 -26 -21 -14 -17 -3 -33 -34 -42 -42 -13 -8 -41 -39 -39 -37 -49 -25 -20 -13 -21 -19 -47 -38 -22 -15 -14 -35 -32 -22 -25 -12 -48 -50 -25 -19 -2 -47 -27 -50 -5 -24 -28 -1 
-7 -19 -48 -46 -34 -23 -15 -39 -26 -22 0 -14 -37 -40 -38 -17 -14 -19 -12 -28 -5 -41 -4 -48 -19 -5 -32 -50 -29 -48 0 -4 -34 -6 -10 -16 -11 -18 -49 -19 0 -27 -24 -50 -13 -22 -33 -13 -32 -28 -29 -33 -14 -1 -17 -16 -25 -16 -49 -42 -46 -40 -37 -5 -15 -43 -15 -8 -18 -44 -39 -32 -2 -47 -25 -11 -25 -42 -41 -43 -16 -44 -36 -27 -26 -14 -40 -9 -14 -31 -5 -4 -28 -8 -28 -2 -16 -4 -2 -42 -9 -4 -29 -27 -34 -8 -24 -30 -22 -44 -13 -26 -10 -40 -2 -10 0 0 -6 
-30 -22 -19 -24 -2 -18 -44 -27 -9 -45 -28 -24 -44 -16 -37 -24 -15 -50 -46 -47 -16 -20 -12 -44 -31 -31 -47 -4 -26 -32 -25 -46 -2 -13 -14 -11 -13 -8 -15 -4 -42 -33 -24 -13 -26 -39 -20 -43 -23 -39 -5 -40 -25 -40 -34 -40 -49 -3 -8 -30 -3 -41 -38 -16 -40 -8 -7 -8 -44 -28 -36 -27 -10 -1 -37 -30 -48 -12 -15 -29 -43 -48 -35 -20 -18 -18 -30 -20 -50 -37 -31 -39 -5 -43 -6 -20 -17 -21 -31 -40 -26 -26 -37 -7 -44 -22 -39 -31 -45 -25 -6 -5 -38 -27 -17 -13 -32 -6 -48 
-42 -25 -26 -47 0 -49 -18 -29 -8 -37 -50 -38 -1 -7 -23 -15 -18 -34 -20 -29 -50 -21 -30 -45 -9 -47 -33 -39 -28 -11 -16 -31 -41 -37 -7 -46 -11 -43 -42 -29 -10 -33 -45 -3 -8 0 -43 -8 -9 -13 -21 -6 -33 -21 -20 -30 -23 -33 -28 -2 -31 -32 -8 -20 -35 -14 0 -36 -28 -32 -48 -17 -15 -9 -4 -8 -20 -14 -37 -34 -15 -46 -16 -46 -23 -13 -40 -47 -24 -47 -46 -3 -28 -28 -50 -30 -36 -29 -33 -15 -5 -43 -22 -27 -4 -34 -19 -26 -5 -28 -9 -43 -6 -5 -11 -6 -26 -4 -13 
-34 -50 -13 -16 -5 -38 -26 -31 -14 -11 -38 -27 -32 -27 -49 -6 -29 -23 -38 -49 -13 -10 -14 -19 -36 -27 -37 -45 -50 -2 -20 -13 -28 -22 -19 -32 -13 -31 -15 -31 -41 -36 -12 -47 -3 -15 -34 -44 -10 -14 -19 -11 -48 -27 -45 -42 -30 -36 -21 -28 -47 -18 -11 -28 -8 -17 -24 0 -17 -11 -10 -38 -44 -23 -26 -49 -36 -47 -19 -16 -3 -21 -27 -7 -44 -39 -42 -33 -32 -6 -16 -41 -32 -44 -5 -39 -46 -39 -3 -38 -39 -12 -41 -24 -25 -15 -42 -46 -24 -33 -44 -13 -28 -7 -43 -17 -10 -2 -43 
-47 -36 -29 -13 -21 -10 -45 -13 -46 -32 -30 -39 -2 -26 -35 -31 -49 -17 -11 -24 -32 -20 -5 -17 0 -5 -36 -45 -35 -29 -6 -32 -41 -44 -32 -41 -50 -42 -23 -1 -25 -11 -25 -41 -40 -21 -3 -18 -50 -6 -18 -14 -41 -41 -11 -34 -50 -4 -12 -41 -22 -11 -25 -12 -49 -5 -47 -17 -35 -35 -36 0 -17 -27 -47 -29 -28 -22 -22 -41 -2 -19 -16 -43 -42 -20 -1 -4 -7 -50 -46 -35 -27 -28 -1 -21 -31 -4 -18 -43 -24 -6 -23 -36 0 0 -26 -22 -38 -19 -31 -23 -8 -17 -41 -3 -47 -9 -3 
-2 -27 0 -38 -26 -18 -2 0 -25 -33 -2 -36 -37 -21 -1 -6 -21 0 -7 -14 -13 -6 -31 -15 -45 -37 -4 -22 -26 -24 -13 -23 -2 -13 -8 -46 -16 -15 -35 -26 -43 -46 -4 -42 -40 -32 -35 -20 -32 -22 -30 -47 -44 -6 -32 -45 -37 -30 -11 -2 -16 -42 -41 0 -34 -21 -44 -20 -13 -5 -38 -3 -35 -2 -40 -50 -23 -12 -40 -28 -45 -47 -29 0 0 -45 -38 -42 -18 -6 -42 -35 -47 -30 -33 -9 -50 -41 -16 -35 -50 -38 -46 -26 -5 -36 -40 -3 -20 -21 -35 -5 -1 -24 -48 -10 -35 -38 -47 
-30 -49 -17 -9 -2 -27 -25 -34 -41 -3 -3 -9 -10 0 -32 -42 -5 -4 -3 0 -29 -42 -40 -10 -4 -41 -14 -39 -23 -11 -44 -45 -13 -41 -25 -13 -13 -9 -1 -8 -46 -20 -24 -20 -13 -9 -48 -45 -6 -19 -41 -25 -12 -18 -29 -45 -29 -21 -50 -22 -1 -2 -23 -33 -44 -5 -3 -10 -40 -42 -4 -29 -5 -24 -25 -37 -35 -33 -4 -4 -21 -39 -6 -26 -36 -48 -47 -18 -12 -39 -21 0 -24 -25 -8 -24 -10 -49 -24 -1 -32 -50 -31 -8 -9 -39 -34 -3 -39 -40 -40 -49 -20 -47 -1 -16 -18 -29 -5 
-32 -34 -19 -44 -10 -27 -20 -9 -40 -20 -42 -40 -1 -47 -45 -12 -39 -39 -35 -7 -1 -6 -7 -20 -10 -42 -14 -30 -44 -39 -49 -39 -3 -12 -14 -20 -18 -16 -19 -27 -38 -22 -49 -29 -2 -35 -48 -17 -1 -10 -36 -23 -44 -5 -27 -23 -41 -11 -28 -44 -13 -47 -15 -39 -38 -43 -25 -45 -21 -28 -45 -40 -6 -9 -22 -24 -26 -16 -12 -40 -20 -7 -36 -2 -40 -21 -21 -23 -12 -22 -31 -11 -33 -12 -8 -20 -5 -28 -40 -34 -21 -4 -30 -42 -7 -17 -22 -46 -35 -38 -30 -34 -5 -25 -7 -49 -11 -25 -14 
-40 -45 -40 -34 -21 -4 -24 -20 -27 -45 -30 -24 -39 -6 -5 -49 -1 -22 -17 -30 -4 -19 -12 -3 -25 -37 -14 -31 -26 -15 -8 -14 -11 -1 -38 -2 -16 -48 -11 -44 -4 -13 -42 -45 -36 -1 -43 -48 -33 -11 -37 -36 -50 -3 -41 -20 -38 -42 -13 -13 -33 -44 -20 -3 -41 -31 0 -3 -3 -25 -42 -24 -12 -40 -31 -39 -49 -5 -14 -41 -19 -8 -1 -3 -37 -18 -21 -33 -22 -3 -1 -13 -29 -19 -36 -38 -37 -16 -17 -45 -11 -31 -25 -38 -15 -15 -29 -23 -25 -28 -46 -32 -11 -4 -19 -30 -41 -19 -23 
-32 -30 -24 -36 -14 -17 -42 -35 -3 -50 -43 -23 -20 -15 -24 -24 -22 -11 -46 -7 -7 -47 -6 -21 -41 -19 -24 -44 -5 -14 -42 -8 -32 -3 -14 -6 -16 -33 -15 -13 -1 -46 -48 -20 -12 -31 -26 -18 -13 -15 -10 -25 -23 -2 -35 -35 -19 -36 -48 -9 -37 -28 -46 -31 -34 -22 -5 -18 -46 -20 -44 -11 -19 -41 -46 -20 -34 -3 -2 -47 -48 -16 -17 -27 -23 -16 -28 -40 -40 -31 -27 -50 -7 -46 -19 -25 -10 -32 -20 -40 -28 -40 -26 -32 -27 -41 -46 -3 -12 -38 -47 -31 -13 -22 -42 -50 -41 0 -34 
-35 -45 -19 -12 -26 -4 -36 -30 -4 -12 -1 -25 -31 -21 -19 -7 -43 -6 -6 -8 -31 -35 -17 -41 -15 -21 -7 -46 -46 -44 -26 -22 -17 -24 -12 -5 -16 -46 -23 -16 -18 -41 -10 -19 -30 -32 -2 -19 -15 -40 -21 -13 -31 -47 -4 -41 -25 -28 -3 -4 -42 -22 -11 -9 -47 -38 -19 -8 -9 -29 -26 0 -42 -30 -43 -8 -2 -30 -45 -42 -10 -17 -19 -25 -18 -38 -10 -18 -18 -30 -17 -46 -49 -12 -40 -48 -20 -49 -2 -42 -15 -28 -2 -17 -4 -13 -13 -19 -42 -9 -47 -4 -18 -7 -24 -27 -12 -11 -2 
-34 -22 -3 -35 -10 -45 -19 -48 -17 -40 -49 -3 -25 -5 -39 -19 -30 -36 -47 -22 -6 -31 -30 -37 -44 -2 -27 -8 -40 -20 -19 -6 -43 -14 0 -14 -42 -48 -14 -46 -22 -35 -23 -39 -17 -43 -23 -2 -7 -6 -38 -44 -10 -24 -22 -45 -5 -37 -41 -1 -19 -35 -6 -11 -22 -50 -28 -48 -10 -32 -21 -40 -40 -5 -14 -3 -48 -3 -21 -50 -30 -16 -8 -19 -36 -32 -24 -20 -5 -45 -5 -11 -33 -28 -31 -46 -40 -36 -30 -50 -37 -14 -20 -29 -4 -25 -37 -40 -1 -4 -47 -42 -2 -39 -38 -11 -31 -2 -12 
-40 -40 -41 -16 -2 -45 -44 -34 -47 -21 -43 -24 -10 -17 -44 -7 -46 -40 -49 -7 -50 -41 -36 -9 -41 -3 -46 -22 -3 -39 -13 0 -31 -25 -13 -48 -22 -41 -21 -15 -2 -7 -35 0 -39 -35 -20 -30 -22 -27 -6 -5 -50 -26 -15 -21 -13 -23 -23 -18 -9 -38 -42 -41 -31 -21 -27 -30 -35 -37 -37 -34 -43 -40 -25 -5 -24 -33 -13 -15 -8 -27 0 -20 -22 -17 -7 -6 -19 -35 -42 -23 -18 -20 -34 -33 -42 -8 -24 -7 -16 -3 -14 -30 -20 -42 -16 -11 -49 -30 -42 -12 -38 -40 -49 -15 -16 -16 -21 
0 -42 -42 0 -37 -14 -13 -38 -22 -17 -22 -4 -17 -12 -31 -34 -28 -7 -47 -21 -3 -34 -27 -4 -33 -41 -50 -2 -36 -43 -31 -11 -16 -37 -38 -43 -31 -23 -21 -22 -37 -22 -43 -7 -5 -20 -5 -46 -2 -48 -49 -39 -10 -27 -33 -4 -46 -33 -7 -49 -31 -29 -29 -21 -41 -33 -28 -37 -12 -17 -12 -28 -5 -39 -18 -21 -49 -10 -2 -8 -9 -50 -33 -30 -44 -46 -35 -41 -24 -14 -9 -32 -39 -17 -20 -16 -25 -19 -26 -10 -13 -1 -37 -44 -47 -22 -31 -43 -5 -48 -20 -6 -17 -37 -27 -41 -21 -3 -18 
-41 -48 -43 -6 -41 -39 -3 -34 -18 -32 -31 -28 -19 -19 -28 -33 -28 -41 -45 -16 -28 -33 -2 -3 -32 -24 -27 -15 -44 -47 -9 -18 -46 -28 -39 -45 -12 -11 -9 -39 -39 -25 -22 -47 0 -36 -35 -16 -38 -15 -12 -13 -41 -5 -38 -35 -47 -28 -1 -1 -15 -22 -35 -11 -25 -42 -38 -45 -26 -36 -42 -36 -12 -23 -10 -20 -7 -15 -22 -33 -46 -31 -49 -22 -34 -41 -21 -14 -27 -37 -46 0 -3 -28 -22 -26 -24 -29 -27 -22 -49 -14 -3 -40 -9 -16 -18 -21 -24 -13 -37 -5 -20 -28 -18 -45 -32 -33 -35 
-19 -47 -20 -5 -13 -33 -40 -2 -17 -2 -37 -33 -13 -45 0 0 -44 -50 -17 -2 -40 -17 -12 -34 -36 -22 -44 -33 -25 -21 -41 -41 -38 -10 -24 -3 -33 -27 -21 -42 -21 0 -7 -20 -23 -3 -13 -22 -4 -14 -21 -48 -24 -38 -27 -10 -26 -1 -8 -41 -44 -40 -28 -30 -34 -2 -10 -47 -15 -19 -2 -8 -20 -6 -36 -9 -33 0 -38 -8 -30 -28 -50 -21 -33 -11 -42 -32 -29 -22 -2 -34 -49 -37 -36 -32 -21 -42 -19 -35 -43 -17 -34 -3 -29 -20 -10 -14 -13 -32 -43 -26 -49 -4 -6 -9 -30 -49 -12 
-3 -42 -50 -22 -15 -21 -22 -11 -49 -46 -23 -11 -24 -10 -30 -31 -14 -30 -24 -42 -9 -24 -43 -35 -14 -43 -1 -7 -15 -48 -43 -16 -4 -26 -25 -12 -25 -5 -3 -19 -45 -9 -41 -48 -1 -32 -17 -22 -46 -14 -32 -21 -18 -47 -7 -8 -38 -24 0 -41 -9 -25 -11 -10 -39 -8 -8 -15 -15 -26 -50 -33 -14 -6 -49 -8 -38 -2 -9 -34 -23 -1 -32 -25 -25 -3 -27 -8 -30 -10 -6 -40 -49 -43 -27 -32 -28 -40 -3 -30 -19 -17 -12 -25 -4 -18 -18 -40 -37 -27 -22 -11 -38 -41 -15 -43 -21 -7 -18 
-26 -28 -11 -6 -44 -2 -19 -13 -48 -5 -46 -45 -10 -30 -45 -34 -1 -6 -42 -10 -13 -6 -26 -43 -17 -11 -50 -50 -19 -13 -13 -11 -3 -2 -10 -5 -6 -41 -30 -17 -14 -17 -1 -3 -48 -17 -43 -39 -7 -30 -20 -9 -23 -48 -31 -40 -32 -9 -19 -43 -11 -15 -23 -30 -9 -34 -40 -30 -12 -12 -37 -42 -31 -1 -40 -44 -40 -17 -36 -44 -41 -39 -22 -35 -41 -14 -41 -21 -17 -35 -29 -41 -24 -27 -48 -12 -38 -21 -17 -15 -13 -49 -33 -24 -47 -40 -34 -50 -44 -24 -13 -9 -42 -6 -31 -46 -41 -50 -39 
-3 -2 0 -1 -49 -2 -42 -25 -30 -43 -49 -31 -9 -3 -31 -19 -37 0 -43 -33 -43 -39 -41 -45 -36 -9 -50 -32 -30 -10 0 -49 -1 -2 -28 -6 -7 -31 -2 -44 -27 -31 -32 -41 -18 -46 -47 -40 -6 -44 -8 -31 -17 -48 -49 -14 -21 -7 -42 -29 -19 -2 -31 -29 -4 -46 -4 -13 -20 -4 -15 -43 -27 -14 -13 -23 -3 -35 -37 -17 -29 -31 -26 -20 -25 -1 -18 -21 -46 -28 -19 -26 -35 -30 -21 -20 -41 -23 -44 -49 -21 -49 -22 -13 -25 -19 -1 -48 -31 -13 -47 -20 -1 -48 -35 -10 -16 -38 -46 
-49 -34 -34 -37 -9 -35 -1 -18 -22 -27 -39 -11 -35 -24 0 -31 -3 -18 -17 -30 -50 0 -24 -37 -5 -7 -21 -25 0 -44 -28 -24 -42 -39 -30 -46 -41 -30 -41 -36 -6 -18 -7 -12 -28 -24 -1 -49 -21 -23 -10 -14 -34 -4 -42 -10 -26 -18 -5 -41 -28 -18 -46 -21 -43 -28 -29 -29 -47 -50 0 -12 -5 -50 -24 -44 -7 -20 -33 -19 0 -20 -22 -8 -50 -49 -28 -50 -26 -9 -47 -15 -33 -6 -8 -32 -32 -36 -20 -7 -8 -13 -49 -6 -41 -44 -9 -36 -44 -4 -39 -9 -18 -21 -46 -28 -41 -42 -31 
-39 -41 -30 -30 -24 -28 -35 -9 -18 -42 -48 -8 -24 -20 -35 -33 -18 -33 -44 -25 -23 -1 -41 -13 -29 0 -13 -49 -30 -39 -27 -21 -35 -33 -11 -40 -6 -36 -36 -15 -25 -35 -30 -39 -44 -11 -36 -23 -42 -14 -36 -2 -31 -46 -24 -26 -1 -49 -6 -25 -37 -2 -17 -13 -27 -11 -20 -4 -18 -22 -33 -49 -5 -48 -47 0 -43 0 -29 -45 -27 -27 -18 -46 -11 -13 -8 -15 -21 -46 -6 -30 -33 -21 -20 -21 -14 -21 -14 -24 -6 -43 -23 -19 -5 -11 -13 -27 -30 -14 -41 -11 -6 -10 -41 -34 -47 -44 -35 
-36 -41 -43 -29 -39 -47 -10 -32 -14 -35 -1 -8 -31 -24 -27 -28 -50 -48 -30 -27 -6 -9 -39 -32 -6 0 -13 -3 -35 -42 -3 -20 -33 -25 -10 -32 -13 -16 -42 -29 -8 -45 -14 -5 -45 -5 -32 -37 -15 -31 -22 -2 -40 -47 -37 -38 -22 -41 -11 0 -15 -25 -37 -32 -17 -44 -2 -40 -50 -14 -39 -10 -29 -42 -49 -5 -8 -11 -16 -43 -35 -20 -24 -44 -48 -25 -2 -40 -20 -38 -40 -21 -43 -30 -49 -45 -27 -1 -27 0 -45 -38 -2 -13 -3 -35 -6 -33 -48 -50 -7 -41 -6 -1 -2 -50 -29 -36 -25 
-22 -48 -40 -13 -39 -6 -15 -28 -1 -25 -1 -41 -29 -18 -36 0 -34 -11 0 -7 -30 -39 -7 -49 -26 -31 -24 -12 -37 -45 -31 -28 -18 -8 -36 -17 -20 -46 -25 -37 -10 -43 -2 -6 -31 -39 -36 -39 -38 -19 -49 -38 -46 -45 -49 -26 -13 -18 -40 -17 -43 -18 -42 -18 -38 -12 -44 -6 0 -36 -31 -49 -15 -15 -48 -45 -42 -23 -43 -36 -41 -16 -4 -24 -6 -23 -44 -39 -15 -29 -15 -9 -18 -49 -1 -36 -32 -33 -44 -25 -36 -49 -4 -27 -32 -44 -8 -5 -15 -47 -44 -18 -19 -8 -18 -7 -9 -18 -13 
0 -29 -8 -14 -20 -34 -50 -50 -7 -49 -2 -40 -10 -9 -32 -48 -41 -1 -40 -11 -13 -28 -5 -40 -19 -41 -10 -19 -49 -25 -16 -27 -17 -21 -48 -49 -15 -49 -13 -32 -30 -29 -32 -15 -6 -27 -41 -46 -15 -14 -17 -19 -46 -17 -32 -21 -31 -15 -24 -24 -8 -42 -10 -6 -44 -24 -12 -47 -13 -3 -48 -19 -7 -2 -39 -17 -12 -43 -50 -41 -22 -35 -5 -34 -42 -29 -35 -28 -21 -49 -16 -17 -34 -44 -1 -41 -5 -19 -6 -39 -3 -8 -21 -19 -11 -18 -38 -40 -45 -30 -9 -41 -16 -3 -2 -48 -20 -49 -47 
-31 -37 -14 -13 -33 -28 -37 -30 -44 -45 -28 -3 -17 -33 -21 -38 -28 -4 -49 -26 -15 -35 -5 -1 -33 0 -32 -35 -43 -30 -23 -28 -48 -24 -29 -10 -22 -18 -2 -38 -36 -50 -27 -22 -28 -9 -11 -13 -9 -50 -44 -16 -29 -12 -35 -50 -34 -47 -8 -23 -36 -25 -2 -11 -22 -8 -3 -28 -26 -28 -14 -31 -39 -10 0 -48 -36 -29 -41 -24 -27 -14 -8 -31 -1 -31 -8 -38 -26 -13 -2 -12 -39 -36 -16 -2 -48 -40 -12 -13 -49 -18 -47 -31 -20 -40 -6 -8 -32 -36 -10 -25 -40 -38 -8 -8 -35 -15 -22 
-22 -20 -36 -35 -38 -17 -36 -35 -17 -3 -45 -46 -30 -14 -2 -14 -19 -19 -50 -31 -6 -48 -15 -43 -4 -44 -48 -32 -26 -21 -33 -23 -27 -22 -15 -9 -9 -40 -45 -5 -8 -23 -17 -36 -44 -31 -14 -41 -46 -41 -44 -22 -33 -31 -9 -5 -16 0 -3 -25 -38 -43 -33 -14 -36 -10 -40 -46 -25 -44 -37 -42 -19 -42 -31 -40 -45 -25 -28 -45 -26 -17 -49 -1 -25 -31 -23 -28 -23 -28 -48 -47 -40 -31 -50 -49 -9 -25 -49 -37 -19 -38 -47 0 -17 -42 -1 -49 -8 -3 -7 -48 -11 -11 -15 -20 -16 -10 0 
-30 -8 -22 -23 -18 -18 -25 -34 -17 -8 -2 -9 -26 -43 -3 -7 -1 -37 -38 -8 -49 -15 -16 -29 -25 -17 -45 -22 -45 -46 -29 -18 -27 -2 -38 -50 -5 -20 -23 -16 -25 -35 -27 -44 -14 -14 -6 -29 -41 0 -14 -35 -30 -37 -10 -36 -3 -18 -7 -6 -15 -17 -10 -22 -9 -31 -44 -50 -22 -3 -37 -15 -15 -40 -37 -18 -36 -5 -4 -50 -13 -28 -46 -3 -9 -8 -44 -35 -30 -7 -13 -9 -46 -28 -25 -33 -36 -21 -49 -16 -33 -2 -27 -30 -6 -18 -10 0 -8 -21 -22 -48 -32 -49 -45 -9 -43 -50 -39 
-49 -37 -33 -37 -37 -35 -5 -37 -44 -41 -1 -27 -17 -16 -14 -39 -43 -15 -22 -25 -17 -22 -43 -45 -20 0 -23 -31 -40 0 -28 -36 -42 -10 -33 -20 -44 -32 -29 -19 -4 -35 -13 -43 -27 -22 -12 -40 -43 -5 -42 -48 -37 -43 -11 -36 -5 -3 -7 -50 -35 -33 -25 -32 -6 -42 -32 -22 -28 -46 -18 -44 -49 -11 -46 -9 -49 -10 -18 -43 -29 -34 -11 -26 -34 -45 -4 -20 -17 -38 -26 -28 -16 -43 -42 -50 -19 -15 -15 -39 -50 -42 -7 -19 -22 -7 -23 -23 -45 -45 -25 -47 -14 -44 -44 -17 -44 -18 -36 
-17 -5 -9 -20 -50 -17 -38 -24 -47 -12 -28 -16 -19 -16 -33 -32 -25 -27 -20 -13 -43 -12 -3 -47 -29 -47 -42 -45 -49 -16 -7 -31 -11 -21 -4 -11 -50 -26 -34 -48 -47 -38 -34 -47 -50 -20 -48 -39 0 -5 -3 -40 -11 -9 -29 -3 -31 -46 -9 -10 -29 -36 -16 -30 -25 -2 -12 -38 -1 -3 -23 -11 -26 -23 -10 -28 -28 -33 -12 -19 -13 -10 -27 -3 -23 -42 -24 -38 -6 -33 -26 -26 -6 -44 -25 -9 -49 -12 -27 -40 -12 -17 -6 -17 -32 -39 -3 -11 -44 -15 -21 -45 -16 -30 -40 -41 -10 -39 0 
-23 -15 -38 -48 -5 -29 -14 -5 -28 -20 -12 -31 -42 -24 -48 -49 -29 -35 -43 -3 -18 -38 -2 -18 -7 -42 -41 -39 -49 -8 -39 -47 -11 -29 -43 -21 -33 -24 -45 -18 -22 -5 -13 -7 -36 -22 -38 -42 -40 -49 -28 -25 -15 -39 -19 -49 -31 -32 -12 -34 -24 -25 -16 -34 -37 -44 -4 -4 -24 -26 -47 -20 -29 -7 -4 -6 -25 -14 -39 -16 -40 -10 -41 -34 -39 -41 -7 0 -2 -35 -18 -15 -35 -15 -19 -21 -14 -35 -19 -36 -15 -14 -29 -48 -6 -33 -4 -50 -37 -15 -30 -50 -45 -44 -22 -11 -5 -22 -39 
-44 -30 -46 -20 -16 -48 -39 -15 -18 -35 -14 -14 -6 -47 -43 -26 -17 -9 -42 -15 -41 -28 -23 -41 -12 -11 -34 -40 -31 -46 -15 -2 -2 -19 -18 -7 -21 -35 -34 -18 -13 -5 -50 -32 -13 -45 -38 -14 -46 -21 -39 -13 -3 -20 -14 -1 -26 -36 -45 -39 -25 -37 -24 -40 -21 -38 -30 -31 -5 -35 -1 -45 -8 -17 -26 -46 -10 -45 -35 -33 -17 -47 -23 -5 -46 -10 -44 -49 -21 -31 -6 -26 0 -15 -48 -13 -35 -33 -44 -38 -36 -17 -43 -18 -37 -48 -42 -35 -48 -4 -18 -31 -27 -15 -29 -17 -9 -21 -39 
-14 -8 -43 -25 -13 -46 -7 -6 -3 -3 -48 -34 -48 -26 -47 -50 -37 -31 -45 -38 -5 -16 -31 -31 -25 -40 -3 -38 -16 -29 -31 -48 -10 -40 -49 -38 -16 -15 -50 -6 -7 -13 -25 -32 -11 -5 -40 -39 -2 -49 -18 -2 -21 -18 -4 -13 -21 -24 0 -27 -4 -44 -31 -11 -8 -48 -31 -40 -42 -2 0 -4 -26 -20 -36 -18 -32 -3 -45 -8 -20 -42 -1 -13 -30 -26 -15 -38 -23 -15 -7 -36 -20 -19 -46 -42 -39 -12 -3 -34 -15 -41 -1 -29 -48 -45 -17 -8 -50 -2 -42 -50 -4 -32 -44 -22 -49 -15 -39 
-10 -10 -20 -23 -33 -8 -3 -5 -26 -8 -49 -34 -41 -15 -46 -8 -3 -30 -2 -14 -35 -44 -25 -32 -16 -41 -2 -38 -20 -18 -41 -17 -28 -45 -13 -5 -38 -14 -4 -5 -3 -3 -22 -40 -4 -45 -31 -3 -35 -29 -30 -14 -37 -22 -28 -18 -18 -49 -27 -14 -40 0 -40 -39 -41 -11 -15 -6 -29 -10 -49 0 -13 -36 -25 -29 -46 -2 -41 -30 -8 -41 -36 -19 -29 -26 -5 -2 -2 -35 -41 -44 -17 -44 -39 -49 -13 -10 -27 -13 -30 -2 -48 -37 -8 -33 -2 0 -39 -26 -30 -33 -2 -50 -1 -31 -16 -36 -41 
-22 -40 -23 -36 -29 -21 -4 -9 -36 -30 -2 -1 -30 -12 -35 -47 -10 -18 -31 -42 -30 -19 -39 -20 -20 -25 -18 -38 -44 -2 -45 -21 -20 -23 -11 -47 -31 -27 -35 -12 -6 -42 -30 -37 -37 -27 -35 -24 -8 -10 -43 -5 -48 -47 -11 -35 -2 -17 -35 -7 -45 -16 -45 -8 -11 -7 -9 -49 -27 -24 -28 -37 -37 -31 -50 -10 -49 -37 -28 -28 -49 -9 -31 -35 -23 -43 -11 -30 -36 -29 -4 -29 -8 -38 -34 -10 -16 -29 -7 -25 -22 -19 -6 -15 -17 -9 -45 -27 -6 -8 -24 -11 -21 -2 -20 -11 -32 -47 -36 
-46 -4 -24 -26 -50 -2 -18 -24 -34 -36 -15 -3 -13 -10 -13 -10 -25 -12 -23 -30 -11 -50 -7 -39 -48 -40 -21 -25 -27 -40 -34 -43 -10 -33 -34 -48 -47 -47 -42 -47 -14 -22 -49 -14 -30 -14 -22 -18 -20 -41 -35 -30 -10 -36 -2 -18 -26 -45 -10 -50 -9 -4 -45 -41 -43 -30 -37 -7 -40 -36 -44 -3 -35 -45 -27 -26 -22 -35 -13 -11 0 -5 -47 -19 -47 -38 -39 -18 -48 -43 -17 -25 -6 -30 -7 -3 -10 -49 -43 -25 -12 -38 -47 -30 -22 -17 -4 -14 -50 -16 -28 -1 -21 -25 -25 -50 -11 -38 -41 
-8 -40 -40 -3 -48 -6 -6 -40 -38 -43 -37 -28 -46 -48 -41 -15 -23 -30 -24 -41 -37 -13 -2 -2 -18 -10 -22 -4 -46 -40 -42 -25 -25 -22 -23 -21 -33 -13 -4 -24 -41 -50 -4 -43 -29 -10 -4 -3 -22 -11 -24 -50 -26 -49 -18 -27 -27 -25 -37 -25 -40 -46 -7 -24 -41 -9 -16 -37 -33 -31 -18 -42 -19 -50 -22 -17 -21 -6 -17 -36 -19 -36 -1 -35 -44 -48 -45 -32 -14 -20 -9 -48 -7 -17 -27 -2 -12 -10 -38 -44 -8 -11 -20 -50 -28 -19 -39 -1 -17 -49 -36 -37 -1 -38 -38 -34 -49 -29 -15 
-8 -40 -45 -39 -4 -24 -45 -15 -8 -2 -11 -37 -17 -28 -5 -26 -3 -44 -35 -13 -45 -19 -34 -28 -9 -20 -13 -50 -46 -24 -33 -12 -26 -31 -12 -13 -6 -22 -19 -38 -31 -26 -17 -7 -14 0 -33 -34 -11 -40 -24 -17 -20 -40 -42 -43 -25 -23 -36 -8 -29 -21 -35 -20 -21 -39 -26 -44 -17 -14 -29 -9 -4 -50 -38 -43 -17 -48 -29 -44 -48 -9 -27 -21 -41 -29 -29 -42 -9 -40 -24 -45 -15 -6 -39 -10 -34 -6 -1 -31 -2 -34 -19 -5 -27 -42 -3 -33 -40 -32 -10 -24 -17 -41 -21 -13 -35 -43 -49 
-17 -28 -6 -50 -47 -29 -8 -13 -36 -23 -44 -11 -35 -32 -41 -9 -42 -1 -19 -10 -50 -12 -45 -22 -43 -2 -29 -10 -22 -22 -21 -4 -40 -28 -47 -35 -37 -27 -3 -32 -48 -5 -24 -17 -30 -46 -30 -29 -2 -17 -11 -41 -7 -7 -13 -8 -11 -23 -42 -46 -12 -5 -45 -27 -44 -10 -35 -30 -41 -12 -29 -7 -26 -17 -23 -23 -19 -50 -10 -26 -24 -37 -4 -31 -34 -38 -10 -2 -6 -12 -18 -8 -8 -42 -17 -6 -35 -1 -35 -21 -9 -26 -13 -44 -49 -46 -22 -8 -43 -33 -3 -42 -45 -22 -47 -13 -46 -14 -4 
-25 -11 -10 -4 -31 -23 -28 -35 -31 -3 -35 -1 -30 -2 -15 -10 -15 -45 -34 -5 -13 -23 -48 -34 -20 -30 -34 -49 -43 -3 -32 -16 -41 -14 -23 -1 -9 -24 -38 -32 -6 -21 -37 -13 -2 -39 -43 -10 -30 -3 -1 -37 -24 -16 -22 -26 -16 -4 -43 -34 -24 -2 -13 -28 0 -13 -50 -39 -41 -45 -5 -8 -35 -41 -2 0 -24 -15 -19 -4 -2 -12 -25 -22 -45 -45 -25 -6 -36 -3 -2 -25 -6 -28 -47 -46 -13 -33 -12 -14 -1 -50 -25 -29 -14 -20 -28 -14 -3 -17 -11 -25 -21 -27 -2 -10 -25 -48 -20 
-27 -38 -42 -3 -48 -16 -44 -13 -38 -48 -41 -42 -17 -8 -47 -38 -45 -34 -28 -22 -15 -19 -29 -30 -11 -30 -32 -3 -9 -24 -40 -26 -13 -27 -35 -47 -38 -14 -8 -2 -13 -48 -31 -16 -2 -46 -20 -38 -21 -15 -13 -7 -9 -27 -45 -39 -24 -5 -36 -39 -42 -27 -27 -40 -15 -49 -24 -30 -16 -18 -28 -11 -8 -37 -16 -7 -32 -19 -37 -39 -21 -34 -46 -41 -16 -22 -22 -8 -42 -49 -44 -8 -6 -49 -44 -21 -41 -20 -36 -26 -37 -35 -44 -7 -31 -33 -11 -24 -49 -25 -40 -14 -26 -45 -28 -45 -22 -13 -21 
-31 -12 -12 -33 -44 -49 -29 -48 -24 -10 -28 -28 -5 -26 -1 -47 -24 -50 -9 -13 -13 -33 -2 -9 -19 -9 -18 0 -13 -40 -40 -14 -41 -11 -10 -34 -12 -26 -44 -36 -38 -18 -1 -8 -39 -22 -10 -17 -11 -16 -29 -27 -17 -6 -3 -27 -19 0 -28 -43 -39 -16 -38 -12 -33 -25 -24 -49 -21 -10 -32 -29 -25 -37 -21 -25 -34 -29 -14 -8 -16 -41 -44 -23 -34 -44 -19 -8 -26 -5 0 -36 -30 -28 -32 -25 -32 -7 -44 -2 -12 -36 -25 -25 -46 -25 0 -49 -46 -14 -32 -43 -14 -25 -47 -30 -12 -21 0 
-23 -6 -30 -1 -33 -35 -28 -24 -15 -39 -18 -50 -10 -49 -28 -16 -8 -35 -9 -1 -10 -50 -30 -32 0 -7 -27 -29 -13 0 -32 -42 -18 -28 -37 -4 -6 -3 -3 -10 -16 -20 -36 -39 -10 -39 -14 -25 -38 -32 -20 -50 -10 -2 -26 0 -33 -27 -21 -9 -36 -49 -10 -14 -44 -29 -14 -21 -11 -1 -10 -31 -14 -33 -45 -28 -8 -35 -29 -2 -29 -8 -10 -13 -47 -38 -31 -3 -40 -8 -21 -28 -13 -38 -14 -8 -13 -19 -44 -46 -6 -41 -37 -23 -27 -21 -40 -9 -42 -20 -35 -35 -2 -34 -21 -19 -43 0 -48 
-17 -5 -46 -7 -40 -25 -26 -21 -24 -37 -21 -22 0 -44 -36 -40 -35 -20 -39 -4 -2 -35 -40 -30 -17 -6 -41 -1 -17 -14 -33 -18 -45 -3 -21 -17 -43 -10 -31 -6 -14 -21 -2 -32 -45 -50 -8 -39 -6 -39 -4 -16 -23 -27 -50 -43 -40 -27 -17 -40 -23 -16 -50 -39 -40 -46 -2 -29 -48 -14 -10 -18 -15 -36 -29 -27 -25 -8 -44 -21 -31 -23 -12 -15 -34 -45 -19 -25 -12 -27 -49 -40 -27 -5 -16 -13 -34 -29 -23 -39 -27 -16 -27 -38 -20 -30 -15 -16 -16 -8 -39 -30 -4 -31 -38 -19 -17 -13 -19 
-33 -20 0 -16 -2 -31 -1 -14 -5 -26 -32 -15 -47 -31 -47 -37 -15 -10 -31 -46 -16 -9 -8 -49 -13 -8 -48 -3 -17 0 -16 -35 -34 -34 -25 -7 -26 -49 -39 -4 -6 -33 -46 -18 -7 -50 -10 -18 -8 0 -20 -25 -29 -19 -4 -44 -16 -3 -16 -27 -16 -2 -26 -5 -7 -36 -30 -22 -49 -18 -39 -21 -43 -9 -8 -7 -26 -15 -6 -25 -16 -38 -11 -16 -46 -43 -8 -6 -33 -47 -39 -23 -45 -33 -21 -12 -40 -43 -6 -5 -34 -18 -45 -6 -8 -3 0 -39 -31 -16 -27 -1 -19 -4 -23 -3 -43 -37 0 
-4 -3 -11 -3 -35 -46 -30 -19 -8 -9 -39 -33 -34 -49 -38 -2 -24 -2 -43 -11 -38 -13 -27 -43 -22 -46 -8 -34 -24 -24 -2 -8 -46 -29 -49 -16 -36 -1 -5 -8 -38 -22 -48 -28 -28 -33 -7 -16 -49 -4 -14 -1 -32 -44 -37 -34 -22 -34 -18 0 -17 -38 -19 -18 -35 -12 -5 -23 -47 -41 -42 -37 -50 -44 -27 -15 -33 -18 -36 -15 -36 -35 -49 -14 -38 -17 -44 -33 -18 -27 0 -50 -42 0 -41 -23 -42 -5 -1 -28 -32 -48 -47 -25 -3 -30 0 -3 -13 -33 -49 -6 -38 -28 -44 -9 -3 -44 -19 
-41 -14 -10 -25 -39 -17 -18 -27 -21 -24 -42 -7 -5 -8 -39 -42 -31 -16 -20 -19 -23 -15 -33 -35 -22 -46 -26 -34 -19 -45 -36 -47 -44 -44 -29 -43 -4 -14 -32 -21 -32 -33 -11 -11 -50 -7 -30 -8 -45 -20 -27 -22 -27 -35 -20 -37 -6 -1 -41 -14 -17 -10 -42 -14 -29 -13 -41 -49 -31 -8 -34 -23 -47 -16 -48 -21 -9 -2 -47 -21 -36 -3 -32 -50 -43 0 -44 -45 -23 -36 -47 -39 -38 -38 -8 -33 -15 -24 -39 -3 -34 -2 -10 -32 0 -15 -5 -7 -9 -45 -31 -28 -5 -9 -4 -11 -34 -10 -46 
-29 -46 -1 -14 -20 -23 -21 -17 -22 -37 -39 -19 -11 -27 -23 -38 -12 -14 -39 -20 -49 -2 -25 -7 -45 -6 -18 -36 0 -3 -21 -30 -13 -13 -5 -20 -35 -34 -45 -50 0 -9 -25 -15 -29 -6 -4 -34 -38 -7 -38 -15 -19 -30 -42 -2 -20 -29 -25 -10 -17 -45 -24 -49 -6 -26 -12 -3 -47 -13 -4 -11 -22 -21 -16 -2 -45 -32 -42 -44 -42 -48 -42 -44 -11 -45 -40 -35 -24 -46 -23 -20 -10 -1 -20 -49 -49 -9 -12 -8 -4 -37 -25 -14 -30 -45 -21 -35 -28 0 -26 -31 -7 -34 -41 -29 -26 -22 -9 
-42 -30 -6 -45 -14 -12 -30 -18 -39 -46 -27 -20 -48 -27 -45 -34 -29 -12 -31 -7 -50 -30 0 -17 -25 -18 -48 -19 -5 -47 -18 -34 -21 -49 -8 -32 -23 -23 -20 -11 -23 -43 -34 -25 -6 -10 -8 -50 -16 -16 -5 -13 -39 -10 -43 -27 -14 -45 0 -22 -9 -37 -1 -2 -13 -7 -16 -38 -7 -44 -44 -4 -45 -50 -33 -45 -31 -4 -29 -26 -43 -39 -25 -31 -28 -20 -20 -17 -24 -40 -13 -45 -18 -13 -21 -15 -35 -49 -43 -47 -27 -42 -7 0 -23 -7 -22 -2 -45 -42 -7 -24 -1 -5 -39 -11 -37 -32 -28 
-32 -29 -38 -40 -44 -38 -18 -15 -15 -44 -15 -10 -29 -9 -13 -40 -28 -22 -39 -25 -33 0 -3 -40 -1 -30 -26 -27 -3 -6 -16 -17 -37 -15 -12 -9 -20 -5 -35 -7 -13 -4 -8 -7 -2 -31 -36 -25 -17 -33 -50 -40 -39 -37 -22 -4 -28 -50 -20 -6 -47 -29 -17 -3 -46 -2 -41 -23 -32 -39 -44 -24 -43 -17 -39 -13 -17 -50 -47 -49 -32 -14 -22 -46 -48 -37 -39 -3 -13 -39 -43 -42 -39 -6 -48 -6 -10 -9 -12 -18 -13 -7 -17 -43 -16 -24 -35 -14 -29 -25 -43 -21 -22 -33 -34 -11 -9 -28 -8 
-11 -8 -28 -17 -31 -48 -29 -10 -14 -38 -43 -3 -14 -35 -27 -14 -50 -44 -20 -31 -30 -23 -46 -47 -16 -34 -48 -21 -46 -11 -4 -8 -49 -18 -6 -40 -41 -6 -6 0 -8 -38 -11 -4 -48 -16 -46 -47 -3 -3 -20 -47 -16 -20 -25 -37 -42 -11 -24 -1 -49 -12 -9 -31 0 -12 -43 -49 -1 -45 -42 -43 -21 -1 -9 -24 -24 -40 -11 -47 -16 -20 -17 -14 -4 -24 -33 -36 -49 -39 -46 -41 -18 -25 -43 -34 -33 -50 -2 -34 -47 -47 -46 -36 -22 -44 -5 -30 -9 -15 -21 0 -36 -41 -31 -14 -45 -16 -38 
-44 -4 -28 -27 -24 -18 -18 -33 -18 -34 -38 -10 -3 -48 -2 -48 -23 -29 -35 -11 -44 -36 -11 -45 -4 -29 -9 -21 -50 -5 -49 -22 -18 -39 -34 -28 -25 -10 -33 -44 -2 -23 -22 -49 -21 -49 -30 -49 -20 -31 -28 -15 -14 -20 -9 -1 -24 -39 -28 -5 -36 -47 -2 -18 -24 -14 -11 -42 -38 -48 -42 -49 -42 -37 -27 -11 -28 -46 -47 -4 -46 -18 -24 -20 -38 -20 -46 -4 -39 -46 0 -42 -36 -11 -23 -25 -8 -18 -10 -37 -18 -19 -45 -24 0 -6 -15 -37 -19 -14 -30 -29 -26 -40 -50 -24 -42 -29 -20 
-36 -42 -32 -50 -36 -7 -34 -28 -14 -44 -15 -47 -43 -20 -15 -43 -23 -9 -16 -20 -16 -25 -41 -2 -16 -47 -18 0 -14 -35 -31 -2 -2 -45 -27 -18 -7 -26 -11 -37 -29 -7 -19 -48 -24 -13 -39 -42 -16 -44 -39 -48 -17 -12 -38 -18 -14 -1 -27 -26 -31 -16 -16 -8 -3 -1 -24 -42 -9 -17 -48 -22 -22 -3 -27 -31 -1 -31 -30 -42 -27 -5 -12 -29 -26 -44 -16 -36 -49 -27 -50 -11 -9 -20 -45 -44 -33 -5 -26 -41 -5 -42 -7 -43 -10 -6 -8 -21 -9 -43 -18 -15 -42 -23 -8 -12 -42 -5 -33 
-4 -31 -50 -32 -18 -8 -34 -36 -17 -14 -36 -37 -11 -49 -33 -25 -47 -39 -5 -31 -32 -16 -28 -13 -43 -36 -9 -22 -4 -38 -24 -16 -41 -7 -20 -45 -10 -33 -25 -30 -5 -20 -19 -13 -42 -19 0 -9 -12 -48 -16 -44 -48 -44 -17 -50 -16 -22 -14 -9 -19 -16 -10 -12 -10 -35 -22 -33 -20 -22 -15 -19 -24 -37 -41 -40 -26 -3 -41 -40 -10 0 -14 -33 -26 -30 -17 -21 -23 -46 -34 -20 -25 -43 -9 -5 -4 -29 -20 -47 -47 -39 -3 -39 -50 -6 -20 -43 -49 -49 -40 -12 -20 -11 -34 -6 -12 -2 -27 
-29 -26 -10 -38 -19 -25 -18 -37 -8 -29 -9 -16 -37 -21 -43 -8 -31 -19 -27 -38 -33 -29 -37 -49 -21 -10 -7 -40 -17 -29 -40 0 -28 -7 -40 0 -4 -32 -6 -11 -44 -14 -7 -30 -42 -4 -42 -13 -30 -13 -25 -22 -28 -25 -36 -4 -50 -26 -16 -7 -44 -22 -14 -32 -48 -20 -41 0 -6 -27 -9 -31 -32 -47 -45 -30 -30 -9 -14 0 -44 -38 -38 -26 -38 -10 -15 -47 -35 -8 -41 -44 -43 -2 -31 -4 -18 -17 -46 -5 -2 -25 -23 -13 -1 -13 -6 -17 -49 -19 -1 -15 -37 -26 -33 0 -3 -11 -19 
-19 -2 -11 -45 -50 -40 -43 -21 -24 -40 -11 -47 -43 -32 -20 -12 -29 -11 -17 -19 -47 -41 -26 -45 -1 -8 -18 -48 -46 -3 -14 -36 -2 -35 -14 -31 -21 -27 -27 -48 -8 -30 -15 -15 -28 -48 -7 -21 -36 -24 -47 -22 -28 -24 0 -22 -15 -16 -43 -19 -49 -7 -49 -45 -20 -32 -5 -26 -9 -48 -31 -27 -36 -12 -25 -6 -34 -8 -31 -5 -22 -9 -4 -8 -31 -46 -16 -3 -14 -24 -6 -9 -22 -35 -30 -24 -8 -26 -36 -45 -23 -21 -48 -48 -26 -41 -16 -40 -34 -2 -1 -21 -31 -41 -33 -2 -41 -41 -47 
-21 -48 -19 -24 -37 -42 -26 -38 -30 -10 -3 -28 -29 -50 -38 -40 -2 -41 -18 -16 -36 -4 -3 -13 -37 -24 -12 -21 -34 -32 -15 -8 -40 -15 -1 -44 -49 -46 -19 -46 -12 -1 -43 -42 -29 -19 -6 -50 -3 -9 -26 -49 -18 -5 -11 -40 -23 -13 -11 -8 -32 -3 -43 -2 -8 -17 -30 -43 -29 -24 -30 -28 -3 -49 -46 -17 -49 -29 -14 -28 -35 -29 -5 -46 -42 -39 -1 -11 -41 -1 -6 -8 -39 -13 -6 -9 -24 -34 -42 -39 -22 -44 -7 -27 -22 -45 -14 -18 -14 -1 -38 -40 -20 -16 -38 -17 -25 -19 -8 
-49 -43 -2 0 -22 -36 -44 -10 -14 -8 -15 -25 -31 -38 0 -32 -42 -9 -48 -5 -50 -17 -39 -34 -20 -37 -3 -31 -40 -31 -16 -9 -40 -25 -14 -36 -27 -21 -27 -31 -45 -45 -16 -1 -15 -38 -2 -7 -17 -18 -18 -47 -43 -42 -29 -3 -17 -44 0 -1 -38 -10 -9 -48 -12 -12 -21 -43 -49 -45 -50 -5 0 -18 -3 -24 -1 -13 -33 -39 -47 -14 -33 -29 -30 -27 -26 -43 -19 -47 -26 -28 -15 -19 -22 -27 -31 -22 -41 -27 -28 -48 -43 0 -14 -34 -35 -35 -47 -21 -39 -37 -22 -45 -34 -8 -45 -13 -6 
-22 -1 -28 -50 -43 -39 -47 -36 -50 -21 -21 -32 -34 -1 -49 -24 -3 -30 -39 -22 -50 -44 -6 -15 -44 -5 -23 -38 -24 -16 0 -1 -6 -2 -2 -39 -35 -34 -21 -23 -44 -25 -8 -6 -29 -23 -45 -31 -40 -4 -39 -18 -29 -50 -27 -10 -32 -36 -15 -49 -18 -44 -3 -34 -5 -25 -43 -38 -26 -24 -35 -33 -35 -42 -43 -48 -25 -32 -6 -26 -50 -29 -43 -49 -14 -29 -23 -25 -28 -10 -3 -22 -29 -45 -34 -30 -14 -6 -37 -19 -10 -27 -40 -38 -13 0 -15 -3 -7 -2 -27 -38 -1 -13 -15 -14 -16 -15 -1 
-31 -10 -13 -12 -11 -29 -5 -18 -29 -34 -14 -19 -12 -20 -50 -49 -9 -41 -27 -10 -18 -26 -42 -9 -37 -27 -3 -49 -34 -25 -50 -14 -45 -3 -22 -42 -13 -37 -22 -23 -48 -11 -9 -45 -32 0 -5 -25 -22 -22 -38 -36 -8 -39 -30 -49 -39 -8 -6 -23 -44 -50 -31 -19 -13 -34 -41 -49 -28 -5 -45 -19 -14 0 -16 -15 -13 -44 -45 -42 -43 -13 -20 -27 -21 -34 -39 -30 -42 -10 -39 -39 -27 -7 -4 -4 -43 -14 -18 -50 -20 -13 -8 -12 -31 -18 -30 -22 -28 -22 -41 -2 0 -3 -21 -13 -24 -20 -14 
-47 -49 -48 -40 0 -14 -28 -42 -10 -28 -15 -28 -6 -31 -10 -16 -38 -25 -42 -17 -36 -19 -17 -17 -2 -40 -38 -20 -9 -24 -8 -16 -22 -32 -4 -6 -19 -9 -39 -30 -40 -19 -48 -16 -37 -22 -47 -43 -9 -19 -30 -41 -45 -26 -37 -17 -47 -41 -32 -11 -4 -5 -41 -41 -34 -37 -35 -15 -18 -27 -10 -29 -33 -30 -7 -2 -47 -24 -21 -49 -42 -49 -1 -29 -42 -39 -42 -18 -16 -18 -17 -33 -36 -7 -3 -9 -10 -3 -19 -31 -29 -41 -35 -44 -46 -15 -2 -21 -43 -31 -46 -19 -9 -43 -2 -25 -30 -11 -38 
-21 -10 -49 -23 -29 -10 -1 -21 -22 -1 -5 -3 -7 -33 -41 -18 -33 -2 -10 -49 -19 -25 -1 -27 -45 -35 -23 -6 -27 -25 -42 -21 0 -42 -37 -22 -43 -9 -7 -27 -45 -47 -40 -35 -14 -45 -29 -49 -32 -50 -36 -49 -40 -31 -18 -15 -12 -24 -29 -28 -1 -20 -16 -6 -40 -12 -10 -21 -19 -21 -27 -1 -7 -24 -39 -26 -9 -2 -2 -1 -13 -45 -21 -41 -40 -2 -24 -11 -2 -6 -29 -21 -30 -16 -13 -17 -4 -33 -50 -25 -5 -37 -15 -2 0 -50 -41 -5 -24 -5 -2 -9 -4 -1 -33 -37 -2 0 -12 
-35 -31 -22 -35 -10 -8 -42 -16 -17 -6 -41 -19 -5 -14 -15 -20 -25 -15 -7 -7 -9 -39 -10 -29 -25 -48 -11 -25 -28 -13 -36 -27 -13 -40 -27 -17 0 -6 -35 -10 -19 -33 -33 -33 -14 -33 -7 -25 -39 -40 -47 -15 -1 -31 -16 -20 -41 -43 -3 -34 -27 -13 -42 -48 -37 -37 -28 -14 -46 -30 -29 -26 -30 -35 0 -14 -1 -28 -16 -43 -8 -18 -33 -8 -32 -14 -30 -32 -48 -40 -13 -8 -50 -20 -50 -40 -13 -46 -44 -43 -14 -4 -21 -30 -4 -35 -43 -10 0 -41 -6 -21 -35 -24 -43 -27 -16 -40 -39 
-33 -24 -28 -41 -5 -5 -44 -24 -6 -9 -24 -33 -39 -8 -3 -39 -26 -3 -8 -33 -45 -50 -40 -25 -5 -33 -2 -6 -25 -10 -18 -31 -36 -21 -13 -25 -11 -50 -46 -38 -8 -48 -29 -50 -38 -3 -47 -41 -17 -27 -39 -29 -32 -46 -2 -41 -23 -1 -29 -26 -13 -24 -7 -16 -36 -24 -13 -17 -45 -27 0 -10 -35 -27 -24 -6 -47 -36 -15 -36 -19 -39 -18 -38 -14 -21 -26 -45 -22 -5 0 -14 -26 -16 -9 -29 -19 -28 -16 -18 -27 -30 -10 -31 -39 -41 -14 -45 -8 -30 -22 -3 -22 -14 -14 -32 -49 -17 -2 
-2 -1 -29 -28 -2 -1 -10 -50 -38 -50 -2 -26 -44 -28 -28 -39 -28 -47 -10 -25 -2 -47 -47 -46 -19 -15 -2 -41 -20 -24 -11 -3 -31 -10 -6 -36 -7 -2 -19 -22 -48 -31 -12 -8 -44 -44 -4 -41 -21 -24 -16 -9 -30 -45 -41 -46 -36 -41 -9 -36 -5 -50 -37 -7 -50 -1 -17 -8 -16 -21 -10 -30 -42 -25 -26 -45 -24 -26 -41 -24 -33 -47 -9 -47 -36 -47 -22 0 -50 -40 -11 -42 -42 -31 -24 -5 -34 -46 -40 -2 -21 -49 -28 -49 -46 -35 -37 -7 -10 -43 -10 0 -38 -25 -5 -35 -46 -3 -25 
-14 -8 -23 -31 -45 -9 -29 -7 -50 -5 -44 -38 -26 -17 -13 -3 -21 -13 -10 -28 -1 -6 -6 -23 -37 -12 -9 0 -27 -23 -48 -35 -25 -47 -23 -39 -37 -30 -27 -12 -45 0 -44 -46 -21 -44 -35 -43 -17 -48 -41 -24 -47 -34 -33 -9 -13 -18 -34 -16 -41 -24 -26 -21 -48 -46 -23 -47 -14 -31 -14 -46 -41 -16 -11 -6 -15 -8 -36 -48 -15 -22 -50 -27 -17 -39 -11 -29 -14 -21 -42 -49 -18 -4 -32 -1 -14 0 -50 -4 -36 -12 -20 -45 -38 -48 -25 -33 -40 -3 -5 -8 -12 -45 -37 -26 -33 -47 -30 
-50 -16 0 -28 -12 -4 -2 -15 -34 -41 -20 -28 -37 -45 -36 -20 -42 -13 -9 -38 -3 -33 -3 -29 -38 -35 -33 -41 -10 -14 -38 -43 -45 -40 -47 -10 -4 -49 -12 -10 -28 -48 -45 -48 -20 -27 -35 -38 -27 -14 -16 -23 -20 -1 -9 -4 -20 -47 -2 -10 -20 -17 -32 -10 -47 -17 -43 -4 -10 -14 -25 -23 -38 -15 -8 0 -34 -12 -3 -48 -22 -3 -42 -22 -36 -16 -19 -34 -44 -4 -30 -8 -44 -20 -11 -22 -31 -22 -21 -34 -18 -7 -21 -23 -21 -8 -41 -11 -46 -35 -21 -22 -22 -39 -27 -39 -26 -19 -18 
-22 -47 -13 -6 -12 -10 -18 -7 -29 -50 -5 -9 -40 -4 -17 -27 -46 -20 -8 -47 -22 -18 -26 -6 -23 -16 -31 -22 -50 -2 -19 -28 -37 -34 -10 -14 -45 -26 -34 -17 -39 -43 -32 -12 -17 -29 -12 -15 -13 -38 -44 -28 -35 -13 -6 -16 -47 -24 -37 -25 -16 -21 -25 -3 -12 -42 -15 -2 -46 -21 -31 -20 -12 -34 -14 -30 -48 -2 -42 -26 -44 -24 -36 -45 -21 -50 -32 -7 -38 -23 -9 -43 -25 -37 -48 -20 -4 -48 -8 0 -17 -6 -38 -29 0 -5 -13 -22 -20 -9 -12 -6 -30 -24 -5 -22 -28 -9 -40 
-42 -43 -11 -21 -10 -22 -36 -14 -6 -49 -28 -1 -15 -9 -8 -17 -4 -48 -2 -34 -3 -42 0 -48 -37 -45 -44 -49 -23 -44 -40 -2 -6 -10 -23 -43 -34 -32 -27 0 -24 -23 -17 -7 -30 -47 -34 -16 -45 -24 -40 -34 -15 -38 -23 -24 -35 -22 -8 -27 -41 -17 -41 -47 -11 -7 -14 -26 -45 -11 -40 -37 -6 -32 -35 -35 -8 -25 -33 -23 -40 -30 -41 -40 -41 -29 -44 -29 -12 -47 -47 -33 -37 0 -40 -16 0 -19 -40 -32 -31 -49 -28 -43 -13 -6 -15 -13 -25 -38 -6 -7 -39 -13 -49 -32 -43 -23 -12 
-20 -28 -6 -1 -22 -1 -45 -39 -50 -25 -41 -17 -35 -41 -8 -28 -7 -8 -24 -16 -21 -15 -10 -17 -42 -16 -12 -39 -26 -25 -25 -8 -18 -49 0 -15 -10 -20 -21 -13 -10 -41 -3 -35 -36 -37 -19 -9 -43 -6 -39 -50 -48 -30 -16 -40 -18 -9 -40 -3 -35 -36 -36 -39 -2 -11 -28 -31 -11 -35 -19 -4 -14 -35 -41 -33 -11 -46 -15 -5 -34 -33 -33 -32 -1 -11 -36 0 -21 -46 -2 -44 -32 -32 -35 -38 -9 -14 -43 -38 -16 -47 -25 0 -37 -16 -13 -34 -45 -28 -1 -10 -33 -6 -44 -26 -2 -30 -19 
-23 -50 -43 -32 -45 -22 -43 0 -19 -45 -43 0 -11 -20 -9 -34 -12 -12 -45 -21 -30 -48 -6 -26 -44 -48 -22 -45 -4 -3 0 -10 -40 -45 -7 -4 -35 -46 -46 -39 -19 -46 -45 -44 -46 -47 -40 -34 -44 -19 -3 -33 -39 0 -7 -29 -18 -38 -42 -49 -49 -40 -37 0 -11 -19 -28 -33 -46 -14 -48 -1 -3 -30 -39 -12 -44 -11 -31 -45 -12 -17 -19 -20 -29 0 -24 -25 -42 -8 -8 -44 -42 -27 -5 -37 -50 -31 -49 -40 -11 -33 -16 -45 -40 -11 -46 -36 -48 -9 -7 -36 -38 -43 -37 -39 -9 -33 -26 
-47 -32 -17 -45 -35 -5 -2 -15 -27 -47 -7 -18 -50 -8 -7 -40 -13 -5 -50 -29 -19 -10 -35 -30 -19 -37 -7 -7 -38 -44 -5 -29 -27 -16 -19 -15 -7 -39 -14 -50 -13 -6 -3 -30 -22 -42 -9 -39 -1 -22 -6 -17 -40 -30 -5 -8 -16 -44 -39 -15 -9 -41 -9 -16 -39 -18 -35 -5 -15 -43 -27 -20 -30 -6 -30 -50 -24 -21 -5 -16 -31 -35 -16 -8 -30 -17 -30 -20 -50 -47 -19 -35 -22 -36 -9 -30 -24 -42 -18 -19 -44 -40 -44 -24 -22 -38 -29 -50 -45 -16 -1 -21 -48 -50 -9 -35 -35 -1 -42 
-20 -22 -35 0 -6 -31 -21 -32 -29 -14 -11 -6 -44 -13 -30 -3 -50 -29 -16 -21 -35 -38 -21 -41 -39 -12 -15 -45 -27 -28 -43 -9 -49 -15 -44 -1 -11 -33 -4 -36 -26 -19 -36 -45 -25 -17 -9 -30 -14 -18 -23 -24 -26 -15 0 -43 -33 -37 -45 -14 -50 -31 0 -35 -45 -26 -10 -2 -16 -32 -13 -41 -42 -37 -47 -36 -11 -29 -41 -12 -3 -22 -26 -50 -15 -14 -41 -36 -3 -17 -13 -25 -36 -43 -25 -1 -4 -2 -22 -49 -25 -11 -35 -21 -16 -8 -42 -10 -24 -47 -18 -2 0 -13 -18 -22 -42 -43 -35 
-14 -48 -48 -20 -19 -14 -44 -40 -16 -31 -44 -32 -9 -26 0 -37 -8 -11 -17 -27 -19 -21 -13 -13 -35 -10 -43 -17 -28 -40 -35 -23 -46 -32 -17 -12 -14 -24 -13 -6 -42 -29 -31 -9 -7 -14 -23 -47 -15 -46 -50 -22 -27 -25 0 -28 -29 0 -22 -44 -25 -44 -27 -10 -32 -36 -7 -13 -37 -46 -15 -3 -32 -43 -29 -34 -50 -15 -38 -31 -15 -44 -18 -25 -21 -12 -19 -39 -43 -29 -17 -32 -43 -18 -35 -10 -44 -47 -29 -50 -50 -50 -1 -47 -34 -10 -47 -20 0 -29 -28 -13 0 -23 -5 -20 -42 -44 -36 
-46 -25 -43 -30 -16 -19 -6 -42 -9 -13 -10 -5 -28 -45 -13 -14 -36 -11 -12 -2 -47 -17 -8 -50 -28 -22 -11 -43 -12 -2 -1 -28 -11 -6 -25 -41 -4 -7 -29 -48 -28 -28 -5 -19 -12 -42 -29 -46 -9 -11 -8 -27 -13 -44 -31 -16 -18 -2 -30 -21 -23 -48 -44 -6 -10 -40 -50 -3 -44 -39 -20 -48 -9 -30 -39 -27 -49 -43 -12 -36 -23 -32 0 -42 -19 -36 -16 -8 -6 -2 -45 -1 -45 -39 -6 -14 -42 -22 -50 -22 -35 -20 -50 -8 -34 -47 -43 -23 -14 -28 -32 -12 -19 -33 -48 -4 -36 -35 -11 
-33 -28 -15 -43 -28 -33 -5 -44 -18 -30 -29 -11 -14 -47 -29 -37 -19 -28 -9 -31 -14 0 -12 0 -26 -24 -3 -15 -27 -21 -27 -8 -30 -20 -40 -3 -49 -43 -33 -30 -9 -6 0 -6 -14 -45 -32 -39 -41 -6 -28 -2 -10 -6 -25 -23 -44 -14 -37 -1 -50 -28 -22 -23 -21 -25 -20 -41 -4 -28 -31 -22 -48 -36 -40 -49 -24 -14 -8 -31 -26 -28 -8 -48 -23 -22 -20 -32 -19 -3 -21 -43 -3 -18 -19 -36 -13 -20 -45 -20 -42 -21 -18 -49 -10 -29 -34 -11 -36 -28 -45 -34 -29 -28 -42 -40 -10 -3 -29 
-50 -28 -29 -30 -16 -19 -12 -49 -44 -13 -25 -45 -15 -34 -11 -10 -12 -36 -46 -46 -25 -11 -6 -32 -39 -3 -29 -12 -25 -3 -23 -37 -29 -48 -27 -43 -36 -23 -41 -33 -43 -33 -33 -43 -12 -28 -11 -20 -9 -4 -6 -31 -27 -26 -3 -12 -34 -22 -26 -33 -41 -46 -29 -31 -30 -17 -26 -48 -43 -28 -13 -1 -21 -27 -5 -34 -47 -16 -18 -30 -31 -44 0 -34 -27 -8 -43 -2 -49 -18 -12 -20 -2 -10 -4 -45 -18 -36 -11 -45 -50 -18 -2 -39 -5 -44 -47 -12 -25 -12 -18 -37 -41 -7 -24 -34 -1 -7 -37 
-31 -46 -23 -19 -44 -6 -50 -21 -5 -2 -41 -31 -41 -5 -49 -44 -50 -22 -26 -21 -50 -12 -7 -41 -15 -36 -6 -24 -44 -35 -43 -27 -23 -3 -10 -38 -49 -49 -48 -43 -23 -7 -8 -22 -44 -8 -14 -27 -5 -1 -40 -32 -25 -14 -21 -50 -21 -35 -24 -32 -40 -48 -8 -1 -17 -11 -34 -11 -20 -11 -35 -12 -19 -20 -34 -28 -43 -10 -13 -12 -28 -31 -31 -22 -43 -23 0 -20 -8 -22 -48 -43 -27 -37 -7 -29 -21 -15 -9 -11 -12 -2 -34 -48 -50 -20 -1 -25 -2 -16 -18 -47 -33 -17 -27 -4 -28 -32 -10 
-11 -40 -44 -46 -20 -17 -17 -41 -13 -30 -9 -17 -16 -30 -46 -13 -47 -18 -43 0 0 -40 -35 -20 -27 -41 -13 -1 -11 -46 -33 -31 -36 -31 -7 -14 -12 -3 -15 -21 -26 -46 -47 -14 0 -34 -19 -32 -17 -5 -38 -43 -17 -40 -4 -41 -25 -23 -31 -3 -10 -50 -8 -14 0 -34 -4 -30 -8 -45 -31 -36 -26 -39 -17 -43 -20 -22 -49 -19 -44 -14 -13 -18 0 -45 -22 -8 -48 -12 -28 -24 -3 -43 -39 -3 -15 -15 -25 -47 -29 -32 -2 -28 -25 -16 -30 -38 -46 -25 -43 -40 -19 -12 -18 -36 -25 -7 -44 
-36 -49 -10 -32 -43 -31 -17 -8 -49 -6 -36 -36 -30 -42 -22 -24 -8 -4 -6 -38 -37 -46 -9 -1 -46 -36 -4 0 -17 -29 -19 -13 -24 -46 -25 -16 -23 -29 -11 -25 -12 -22 -40 -48 -2 -29 -13 -30 -46 -49 -49 -19 -8 -12 -6 -34 -33 -39 -13 -17 -4 -16 -48 -18 -8 -13 -27 -27 -19 -21 -23 -49 -48 -31 -18 -39 -12 -14 -9 -43 -8 -31 -44 -9 -41 -43 -20 -25 -27 -30 -8 -34 -5 -45 -14 -11 -37 -41 -6 -13 -9 -32 -20 -17 -49 -45 -28 -48 -9 0 -29 -22 -10 -46 -50 -15 0 -28 -12 
-20 -25 -19 -10 -5 -9 -10 -28 -45 -25 -5 -28 -41 -20 -30 -41 -13 -38 -16 -1 -44 -24 -2 -7 -46 -27 -1 -22 -8 -7 -27 -46 -32 -6 -49 -25 -46 -36 -44 -7 -33 -30 -17 -21 -47 -44 -36 -2 -2 -4 -40 -18 -12 -38 -41 -24 -14 -37 -23 -35 -38 -5 -1 -6 -31 -14 -48 -33 -25 -42 -45 -37 -18 -7 -30 -29 -18 -8 -5 -12 -18 -31 -24 -12 -14 -3 -48 -43 -18 -22 -11 -3 -10 -43 -9 -38 -13 -42 -45 -17 -38 -49 -13 -29 -8 -3 -20 -49 -14 -27 -38 -50 -22 -38 -43 -50 -33 -44 -12 
-7 -15 0 -45 -31 0 -16 -24 -2 -21 -21 -44 -32 -38 -25 -3 -1 -1 -23 -24 -35 -43 -39 -41 -44 -7 -18 -39 -40 -32 -20 -26 -21 -22 -1 -11 -26 -48 -45 -37 -18 -18 -16 -46 -39 -43 -18 -26 -42 -46 -8 -9 -50 -2 -10 -19 -33 -36 -44 -25 -19 -45 -49 -13 -9 -3 -22 -40 -22 -19 -50 -4 -24 -13 -29 -50 -18 -35 -23 -20 -39 -3 -12 -29 -13 -34 -1 -4 -38 -48 -5 -7 -14 -49 -46 0 -12 -27 -25 -2 -29 -30 -7 -5 -34 -25 -32 -41 0 -23 -12 -50 -43 -30 -23 -29 -35 -11 -24 
-38 -1 -42 -45 -24 -40 -9 -17 -7 -24 -49 -27 -47 -32 -30 -23 -23 -1 -44 -27 -42 -46 -42 -50 -26 -45 -24 -38 -20 -13 -38 -32 -11 -41 -24 -8 -32 -41 -22 -23 -18 -10 -6 -28 -26 -30 -36 -25 -10 -43 -16 -46 -8 -7 -41 -28 -38 -16 -46 -41 -19 -6 -12 -26 -16 -50 -37 -21 -8 -46 -6 -39 -8 -39 -18 -21 -17 -1 -32 -44 -32 -5 -46 -39 -16 -24 -4 -34 0 -30 0 -11 -15 -30 -12 -33 -18 0 -44 -27 -19 -6 -16 -42 -3 -7 -36 -6 -24 -14 -42 -4 -47 -37 -31 -16 -30 -5 -24 
-24 -13 -35 -1 -48 -26 -37 -46 -32 -38 -32 -17 -34 -3 -47 -14 -38 -14 -40 -22 -18 -28 -40 -1 -8 -44 -44 -19 -18 -45 -15 -43 -12 -16 -37 -29 -26 -22 -5 -36 -3 -24 -22 -4 -3 -8 0 -43 -13 -41 -48 -16 -39 -3 -21 -46 -50 -7 -13 -8 -31 -4 -4 -50 -49 -25 -6 -29 -3 -17 -37 -27 -2 -5 -5 -37 -30 -38 -42 -32 -11 -35 -7 -27 -4 -14 -24 -18 -27 -16 -17 -25 -34 -33 -36 -24 -43 -3 -47 -10 -38 -14 -10 -37 -15 -15 -4 -2 -50 -13 -29 -26 -17 -24 0 -35 -32 -29 -1 
-13 -39 -33 -2 -23 -30 -32 -5 -48 -11 -49 -47 -38 -17 -13 -24 -5 -27 -3 -20 -29 -39 -24 -39 -45 -42 -2 -25 -36 -23 -50 -22 -16 -35 -40 -33 -41 0 -11 -28 -18 -39 -34 -44 -22 -34 -48 -26 -4 -12 -23 -32 -23 -13 -24 -38 -34 -16 -50 -34 -11 -1 -2 -25 -3 -46 -3 -3 -7 -43 -36 -48 -43 -22 -41 -23 -10 -8 -20 -23 -4 -37 -48 -29 -11 -3 -46 -16 -40 -6 -39 -21 -50 -13 -7 -38 -40 -24 -50 -27 -20 -18 -34 -1 -29 -15 -50 -12 -17 -19 -24 -23 -29 -1 -17 -18 -35 -43 -15 
-1 -5 -12 -29 -22 -3 -14 -32 -33 -5 -46 -36 -30 -29 -19 -38 -17 -15 -37 -11 -1 -41 -6 -18 -33 -11 -37 -5 -5 -17 -48 -32 -20 -29 -31 -48 -2 -14 -24 -19 -47 -37 -23 -20 -4 -2 -6 -22 -48 -36 -12 0 -18 -13 -31 -10 -6 -40 -19 -4 -37 -38 -12 -26 -10 -19 -13 -19 -37 -5 -7 -37 -7 -23 -12 -47 -25 0 -37 -50 -35 -41 -25 -40 -23 -49 -1 -46 -9 -32 -8 -45 -8 -15 0 -10 -34 -36 -7 -44 -14 0 -28 -6 -43 -15 -20 -49 -50 -44 -19 -44 0 0 -43 -28 -4 -48 -34 
-30 -19 -14 -34 -30 -29 -38 -2 -22 -36 -39 -10 -19 -25 -40 -30 -48 -10 0 -20 -43 -38 -39 -38 -16 -46 -43 -4 -7 -7 -34 -48 -1 -11 -48 -38 -30 -39 -10 -31 -3 -8 -36 -22 0 -10 -29 -43 -21 -7 -15 -13 -1 -37 -23 -1 -20 -46 -33 -16 -14 -27 -40 0 -42 -19 -21 -27 -39 -1 -46 -9 -6 -9 -40 -25 -18 -13 -21 -4 -43 -5 -34 -41 -24 -42 -32 -20 0 -9 -45 -12 -34 -10 -9 -24 -18 -47 -30 -45 -15 -15 -29 -50 -40 -1 -27 -15 -20 -18 -20 -50 0 -39 -11 -37 -35 -24 -8 
-11 -39 -20 -43 -15 -15 -22 -1 -48 -10 -15 -31 -16 -23 -35 -19 -1 -47 -43 -43 -48 -7 -13 -48 -50 -31 -11 -2 -2 -40 -25 -27 -7 -36 -50 -34 -38 -31 -20 -43 -5 -14 0 -18 -27 -39 -7 -1 -45 -33 -43 -13 -40 -6 -43 -39 -11 -47 -36 -42 -48 -29 -50 -29 -2 -38 -4 -43 -17 -4 -35 -47 -26 -21 -41 -45 -16 -11 -25 -10 -38 -33 -17 -1 -22 -24 -45 -31 -10 -34 -32 -27 -22 -32 -42 -38 0 -7 -15 -34 -14 -26 -40 -5 -21 -33 -22 -29 -20 -20 -40 -47 -4 -6 -37 -30 -46 -12 0 
-47 -33 -27 -40 -49 -31 -10 -49 -17 -24 -14 -25 -44 -32 -42 -3 -50 -19 -32 -36 -18 -24 -10 -47 -47 -3 -26 -11 0 -31 -3 -33 0 -45 -17 -34 -13 -48 -39 -7 -26 -2 -11 -20 -44 -36 -31 -1 -37 -15 -49 -43 -3 -9 -50 -14 -14 -40 -11 -25 -22 -28 -17 -39 -10 -36 -9 -38 -18 -37 -15 -35 -25 -38 -6 -17 -27 -3 -7 -15 -12 -9 -48 -9 -37 -41 -29 -48 -19 -12 -16 -4 -43 -35 -37 -14 -18 -47 -46 -25 -38 -23 -14 -8 -11 -8 -5 -47 -26 -28 -2 -10 -2 -27 -41 -12 -23 -26 -3 
-29 -36 -28 -42 -6 -5 -15 0 -14 -21 -15 -2 -47 -5 -10 -18 -44 -15 -28 -38 -23 -47 -37 -11 -41 -20 -50 -8 -18 -36 -25 -15 -37 -29 -17 -46 -9 -50 0 -40 -17 -21 -22 -31 -2 -20 -23 -48 -41 -41 -39 -46 -8 -33 -39 -38 -18 -42 -7 -12 0 -37 -36 0 -6 -31 -5 -39 -31 -8 -36 -27 -17 -22 -35 -49 -45 -4 -12 -11 -4 -49 -39 -11 -37 -6 -37 -8 -4 -46 -10 -44 0 -20 -29 -28 -40 -30 -48 -13 -15 -13 -9 -21 -47 -22 -46 -45 -27 -31 -42 -3 -44 -40 -42 -50 -27 -40 -31 
-6 -13 -2 -8 -47 -28 -7 -40 -21 -16 -7 -21 -47 -33 -15 -33 -18 -10 -4 -16 -9 -23 -15 -39 -24 -26 -28 0 -32 -2 -15 -16 -49 -4 -41 0 -14 0 -7 -8 -11 -14 -14 -29 -5 -2 -28 -6 -23 -35 -9 -40 -9 -6 -19 -49 -18 -4 -27 -1 -5 -40 -29 -38 -21 -43 -26 -9 -35 -15 -35 -23 -39 -40 -31 -44 -30 -34 -24 -21 -23 -36 -1 -49 -33 -13 -29 -36 -32 -14 -2 -9 -49 -12 -34 -50 -49 -13 -38 -12 -1 -22 -18 -5 -28 -23 -31 -46 -21 -32 -39 -11 -19 -35 -45 -25 -46 -32 -46 
-3 -31 -24 -2 -47 -50 -36 -50 -41 -3 -33 -18 -18 -9 -27 -2 -20 -37 -42 -10 -16 -46 -21 -44 -24 -3 -41 -36 -41 -46 -24 -21 -26 -5 -5 -32 -43 -38 -38 -2 -31 -1 -24 -35 -10 -5 -3 -49 -34 -7 -30 -49 -4 -23 -1 -21 -2 -34 -33 -3 -50 -28 -9 -12 -47 -29 -8 -35 -32 -46 -48 -21 -32 -13 -18 -22 -40 -8 -35 -3 -45 -38 -10 -34 -7 -11 -6 -22 -5 -43 -5 -19 -46 -46 -40 -6 -46 -40 -2 -44 -44 -27 -34 -8 -3 -29 -4 -35 -32 -19 -6 -15 -10 -46 -19 -41 -3 -37 -43 
-30 -8 -45 -7 -16 -11 -13 -26 -5 -21 -32 -13 -37 -20 -49 -23 -26 -32 -19 -19 -25 -10 -24 -9 -16 -24 -15 -10 -36 -24 -45 -5 -49 -2 -13 -26 -15 -44 -13 -48 -16 -25 -28 -5 -4 -14 -50 -25 -30 -33 -42 -19 -20 -23 -38 -25 -38 -5 -6 -42 -19 -29 -50 -47 -13 -13 -12 -17 -19 -49 -40 -49 -34 -41 -3 -50 -30 -40 -34 -44 -48 -42 -6 -19 -24 -48 -34 -28 -38 -8 -7 -33 -35 -42 -30 -16 -13 -42 -48 -28 -23 -43 -18 -34 -3 -24 -33 -35 -24 -2 -4 -18 -25 -19 -27 -49 -31 -45 -25 
-47 -14 -49 -25 -12 -22 -34 -11 -29 -45 -37 -39 -23 -3 -7 -45 -21 -24 -25 -47 0 -28 -28 -7 -5 -37 -39 -40 -15 -48 -24 -45 -42 -32 -7 -21 -32 -12 -32 -12 -4 -27 -14 -11 -39 -37 -34 -38 -3 -27 -44 -50 -28 -41 -15 -19 -37 0 -14 -8 -18 -21 -43 -22 -46 -2 -26 -6 -40 -7 0 -35 -42 -20 -27 -42 -6 -10 -18 -3 -28 -17 -8 -47 -20 -23 -35 -19 -49 -30 -36 -30 -41 -23 -42 -40 -31 -23 -18 -42 -11 -16 -23 -13 -19 -39 -4 -12 -43 -16 -15 -25 -16 -7 0 -50 -37 -38 -33 
-29 -7 -11 -1 -47 -23 -27 -7 -31 -26 -30 -20 -22 -43 -17 -18 -42 -5 -28 -36 -46 -10 -37 -24 -8 -19 -38 -30 -50 -7 -2 -32 -40 -13 -46 0 -24 -26 0 0 -36 -44 -18 -50 -29 -7 -20 -35 -30 -17 -10 -21 -48 -3 -8 -3 -36 -42 -29 -42 -11 -44 -45 -44 -47 -14 -29 -39 -32 -39 -1 -11 -21 -27 -8 -26 -27 -38 -26 -36 -18 -11 -50 -36 -24 -37 -12 -24 -38 -15 -19 -17 -11 -18 -1 -50 -29 -46 -39 -44 -37 -37 -46 -50 0 -48 -11 -4 -7 -36 -28 -39 -30 -2 -25 -22 -42 -46 -9 
-10 -8 -19 -31 -17 -16 -26 -1 -44 -45 -17 -26 -20 -39 -31 -45 -27 -50 -8 -13 -37 -36 -26 -7 -38 -50 -1 -15 -15 -24 -46 -16 -28 -47 -37 -43 -47 -35 -12 -10 -34 0 -1 -1 -34 -31 -1 -16 -17 -48 -7 -48 -42 -9 -18 -20 -44 -12 -14 -45 -19 -35 -43 -32 -46 -25 0 -37 -25 -19 -27 -16 -35 -7 -30 0 -36 -7 -7 -22 -20 -2 -25 -49 -34 -4 -6 -38 -17 -40 -2 -23 -26 -29 -16 -40 -20 -24 -26 -20 -36 -39 -17 -42 -3 -38 -17 -17 -25 -31 -20 -36 -2 -23 -3 -44 -49 -44 -22 
-8 -5 -45 -37 -50 -6 -24 -35 -26 -13 -9 -8 -22 -40 -32 -9 -18 -37 -33 -17 -16 -48 -22 -23 -20 -36 -6 -8 -33 -39 -36 -9 -18 -4 -43 -50 -16 0 -1 -30 -43 -42 -48 -38 -22 -31 -44 -42 -26 -30 -5 -14 -24 -11 -9 -32 -24 0 -43 -35 -23 -44 -11 -10 -32 -42 -24 -45 -40 -22 -8 -28 -5 -18 -10 0 -50 -31 -12 -1 -33 -26 -8 -16 -5 -15 -19 -18 -4 0 -34 -17 -30 -3 -27 -27 -7 -44 -6 -3 -33 -4 -29 -11 -20 -36 -8 -47 -27 -7 -11 -40 -24 -40 -20 -8 -16 -35 -5 
0 -6 -26 -1 -1 -35 -1 -27 -3 -15 -32 -17 0 -30 -12 -46 -33 -29 -46 -50 -5 -16 -1 -12 -23 -5 -37 -41 -43 -9 -41 -30 -29 -39 -48 -46 -37 -37 -27 -20 -22 -21 -26 -3 -42 -12 -50 -36 -12 -18 -38 -48 -32 -20 -50 -11 -26 -34 -11 -9 -22 -1 -42 -42 -47 -25 -31 -29 -25 -12 -6 -43 -38 -11 -2 -2 -33 -41 -9 -47 -23 -39 -26 -6 -40 -21 -23 -8 -2 -28 -33 -47 -38 -29 -18 -21 -11 -4 -39 -22 0 -31 0 -2 -2 -46 -44 -1 -38 -41 -27 -10 -19 -31 -42 -41 -12 -21 -7 
-24 -27 -8 -34 -45 -30 -9 0 -39 -9 -25 -17 -15 -48 -19 -5 -7 -12 -29 -13 -21 -10 -41 -22 -4 -32 -31 -4 -22 -39 -23 -35 -8 -24 -25 -32 -33 -22 -6 -33 -47 -48 -22 -27 -25 -31 0 -13 -10 -25 0 -9 -31 -5 -24 -44 -22 -21 -41 -9 -42 -13 -26 -30 -4 -38 -14 -16 -33 -19 0 -44 -32 -21 -25 -14 -1 -10 -48 -17 -6 -18 0 -2 -14 -21 -12 -7 -3 -19 -30 -41 -25 -27 -50 -26 -28 -4 -3 -21 -15 -14 -16 -24 -15 -23 -1 -12 -37 -19 -11 -17 -18 -43 -33 -9 -14 -49 -17 
-22 -9 -7 -41 -22 -2 -49 -12 -46 -33 -35 -47 0 -22 -31 -42 -8 -25 -34 -6 -50 -25 -13 -29 -38 -32 -24 0 -30 -24 -3 -1 -9 -8 -7 -13 -35 -43 -32 -9 -49 -22 -47 -19 -23 -36 -41 -41 -42 -11 -40 -14 -23 -40 -49 -19 -48 -27 -37 -21 -38 -3 -14 -19 -35 -45 -37 -17 -48 -2 -27 -26 -1 -7 -27 -9 -22 -26 -22 -21 -40 -46 -45 -9 -8 -45 -38 -2 -16 -35 -39 -11 -20 -17 -7 -50 -40 -4 -6 -3 -13 -28 -32 -12 -22 -22 -8 -41 -24 -11 -3 -38 -7 -36 -18 -40 -21 -4 -2 
-27 -19 -40 -7 -34 -38 -21 -18 -33 -22 0 -15 -22 -33 -37 -22 -11 -49 -32 -18 -1 -3 -36 -32 -25 -5 -47 -25 -14 -35 -44 -31 -15 -19 -39 -24 -34 -24 -6 -14 -32 -2 -34 -16 -23 -10 -15 -21 -17 -2 -25 -10 -12 -2 -19 -28 -50 -14 -33 -30 -13 -40 -18 -48 -13 -31 -5 -29 -26 -48 -21 -4 -32 -44 -19 -1 -18 -38 -37 -1 -21 -19 -44 -24 -12 -12 -49 -9 -10 -49 -19 -13 -37 -25 -35 0 -17 -28 -15 -33 -41 -26 -24 -37 -19 -50 -23 -7 -4 -6 -15 -37 -30 -27 -34 -33 -16 -39 0 
-31 -14 -30 -1 -14 -27 0 -50 -50 -50 -21 -10 -1 -29 -34 -49 -28 -30 -11 -24 -6 -20 -16 -22 -1 0 -21 -38 -31 -43 -45 -3 -41 -14 -47 -35 -1 -8 -22 -44 -36 -15 -46 -23 -14 -32 -10 -14 -14 -40 -11 -35 0 -32 -38 -16 -13 -20 -1 -37 -24 -7 -28 -19 -37 -7 -29 -34 -28 -16 -4 -19 -42 -12 -3 -46 -6 -22 -16 -16 -32 0 -17 -50 -48 -42 -10 -11 -18 -15 -30 -32 -5 -24 -1 -6 0 -31 -16 -23 -42 -14 -14 -39 -44 -50 -29 -47 -22 -4 -18 -20 -42 -40 -34 -21 -41 -42 -33 
-20 -14 -31 -30 -21 -24 -1 -41 -3 -40 -8 -44 -28 -13 -39 -31 -25 -24 -22 -50 -42 -11 -25 -50 -11 -44 -6 -2 -19 -20 -8 -29 -12 -23 -49 -30 0 -8 -23 -5 -6 -18 -10 -10 -46 -30 -45 -9 -23 -30 -24 -47 -37 -38 -20 -11 -4 -23 -38 -46 -17 -47 -33 -4 -33 -41 -24 -5 -4 -30 -13 -29 -42 -21 -25 -17 -22 -28 -44 -8 -9 -42 -43 -16 -38 -27 -35 -26 -32 -38 -50 -27 -44 -38 -43 -5 -3 -5 -19 -19 -45 -5 -15 -35 -48 -18 -16 -3 -15 -24 -50 -35 0 -41 -14 -14 -50 -24 -11 
-24 -11 -28 0 -31 -47 -28 -28 0 -19 -34 -39 -1 -19 -33 0 -3 -15 -46 -4 -9 -44 -44 -49 -27 -26 -34 -33 -5 -3 -19 -18 -16 -19 -6 -32 -35 -43 -40 -6 -40 -43 -12 -1 -5 -2 -35 -40 -23 -27 -25 -43 -30 -48 -21 -27 -27 -48 -27 -26 -7 -33 -8 -33 -37 -44 -13 -27 -35 -34 -5 -1 -4 -23 -41 -48 -31 -8 -1 -7 -3 -29 -7 -40 -34 -44 -8 -37 -48 -9 -14 -14 -15 -11 -46 -5 -49 -43 -1 -47 -14 -20 -26 -12 0 -40 -13 -26 -10 -20 -1 -35 -34 -17 -25 -27 -31 -36 -2 
-6 -25 -46 -14 -20 0 -17 -20 -7 -48 -25 -29 -16 -13 -19 -28 -5 -7 -34 0 -36 -30 -30 -3 -45 -18 -22 -13 -16 -25 -41 -23 -5 -36 -4 -46 -6 -11 -26 -19 -7 -45 -49 -40 -45 -4 -35 -6 -37 -29 -36 -15 -32 -26 -18 -7 -7 -13 -8 -12 -13 -44 -40 -17 -19 -13 -12 -2 -13 -19 -35 -42 -48 -49 -22 -49 -43 -32 -36 -45 -5 -2 -41 -23 -39 -37 -14 -23 -3 -33 -2 -10 -18 -17 -6 -47 -37 -33 -18 -17 -35 -28 -49 -6 -6 -11 -41 -3 -50 -23 -25 -25 -17 -32 -49 -1 -49 -17 -15 
-18 -27 -6 -12 -48 -20 -17 -6 -39 -13 -11 -9 -33 -29 -20 -41 -22 -22 -46 -4 -44 -38 -15 -40 -8 -37 -16 -41 -14 -28 -6 -2 -13 -27 -4 0 -26 -27 -19 -21 -30 -25 -39 -9 -29 -50 -39 -38 -25 -27 -9 -8 -35 -9 -16 -26 -3 -35 -4 -33 -16 -5 -8 -17 -35 -23 -4 -27 -32 -11 -44 -29 -48 -16 -15 -1 -1 -45 -48 -14 -17 -5 0 -44 -29 -8 -30 -38 -19 -41 -45 -26 -22 -42 -34 -30 -23 -34 -43 -19 -19 -41 -11 -43 -19 -8 -7 -35 -11 -20 -20 -2 -27 -3 -47 -15 -39 -1 -5 
-10 -29 -4 -33 -48 -45 0 -8 -47 -18 -19 -20 -9 -31 -49 -17 -45 -9 -35 -21 -25 -45 -27 -45 -45 -6 -1 -34 -1 -42 -35 -19 -34 -41 -45 0 -3 -39 -27 -21 -4 -31 -31 -35 -40 -13 -17 -43 -46 -6 0 -33 -27 -35 -21 -45 -6 -37 -28 -41 -15 -7 -22 -49 -15 -29 -36 -16 -35 -43 -29 -25 -32 -4 -4 -17 -49 -27 -1 -3 -43 -14 -8 -7 -8 -13 -7 -24 -40 -12 -2 -18 -35 -49 -43 -18 -35 -35 -50 -31 -14 -23 -33 -26 -11 -8 -22 -38 0 -15 -28 -10 -42 -7 -32 -46 -43 -40 -40 
-38 -22 -23 -19 -13 -48 -48 -45 -15 -21 -16 -47 -21 -43 -45 -50 -32 -24 -5 -34 -29 -42 -40 -4 -34 -30 -19 -49 -30 -16 -35 -38 -6 -7 -2 -13 -25 -7 -48 -3 -42 -35 -35 -44 -27 -25 -26 -8 -43 -19 -1 -20 -49 -26 -26 -31 -5 -37 -9 -27 0 0 -49 -26 -41 -29 -20 -44 -32 -46 -14 -13 -43 -19 -9 0 -41 -32 -4 -7 -4 -30 0 -19 -49 -50 -44 -5 -7 -21 -44 -9 -19 -44 -33 -42 -47 -19 -31 -16 -5 -41 -3 -23 -50 -35 -43 -36 -43 -48 -11 -31 -16 -2 -4 -15 -43 -21 -33 
-14 -42 -49 -10 -16 -16 -32 -40 -24 -12 -28 -37 -20 -35 -4 -1 -10 -2 -35 -26 -36 -36 -14 -4 -30 -30 -21 -49 -20 -3 -43 -36 -34 -13 -12 -47 -49 -47 -4 -18 -48 -1 -13 -8 -18 -12 -10 -40 -39 -31 -37 -40 -12 -50 -8 -7 -30 -36 -26 -4 -39 -1 -49 -22 -9 -20 0 -3 -10 -14 -11 -37 -11 -2 -19 -8 -22 -1 -40 -17 -17 -27 -18 -26 -42 -26 -12 -14 -37 -24 -36 -24 -29 -11 -32 -29 -38 -23 -49 -27 -34 -29 -34 -5 -11 -9 -46 -26 -36 -12 -23 -4 -27 -1 -36 -39 -22 -20 -39 
-40 -43 -49 -47 -12 -9 -33 -33 -37 -26 -38 -28 -18 -40 -8 -40 -49 -38 -24 -13 -37 0 -44 -26 -13 -33 -47 0 -28 -30 -47 -47 -31 -48 -5 -1 -21 -1 -39 -40 -39 -8 -42 -10 -32 -36 -50 -50 -50 -30 -8 -3 -34 -31 -32 -18 -31 -27 -48 -39 -11 -43 -22 -46 -9 -14 -2 -34 -2 -49 -9 -33 -27 -37 -8 -40 -4 -17 -5 -27 -34 -20 -31 -29 -39 -27 -3 -34 -23 -44 -43 -10 -8 -21 -32 -50 -46 -41 -30 -34 -42 -2 -35 -41 -2 -9 -18 -50 -12 -35 -29 -33 -31 -40 -45 -3 -48 -28 -5 
-4 -10 -25 -29 -26 -19 -38 -12 -22 -17 -9 -22 -4 -50 -12 -28 -29 -5 -18 -47 -36 0 -33 -9 -13 -46 -49 -7 -23 -12 -7 -30 -22 -30 -18 -7 -11 -2 -16 -43 -42 -41 -15 -28 -30 -5 -9 -50 -31 0 -46 -29 -13 -26 -35 -6 -33 -10 -44 -23 -17 -2 -20 -33 -45 -45 -47 -29 -7 -5 -6 -6 -1 -18 -2 -7 -42 -2 -31 -19 -20 -13 -22 -39 -40 -47 -40 -28 -10 -31 -41 -18 -32 -45 -2 -48 -22 0 -35 -47 -45 -30 -27 -8 -31 -29 -48 -24 -32 -31 -40 -25 -30 0 -9 -31 -14 -27 -16 
-47 -22 -24 -30 -44 -12 -16 -8 -1 -44 -31 -42 -11 0 -2 -37 -27 -11 -6 -12 -29 -17 -26 -42 -12 -36 -14 -35 -8 -34 -36 -31 -18 -9 -31 -7 -46 -25 -9 -44 -28 -43 -45 -46 -5 -4 -38 -12 -44 -35 -34 -30 -23 -24 -6 -16 -8 -38 -38 -47 -23 -30 -18 -50 -11 -23 -31 -42 -8 -42 -30 -48 -8 -28 -8 -28 0 -16 -21 -26 -43 -32 -31 -49 -16 -50 -4 -31 -10 -3 -39 -20 -29 -27 -49 -13 -15 -45 -11 -9 -39 -27 -4 -11 -40 -48 -1 -14 -17 -31 -31 -32 -2 -19 -30 -47 -3 -47 -14 
-28 -31 -2 -34 -20 -47 -43 -44 -16 -37 -4 -36 -9 -49 -4 -30 -36 -30 -6 -44 -33 -24 -38 -23 -38 -10 -44 -15 -10 -1 -36 -19 -6 -43 -11 -21 -25 -28 -6 -36 -20 -20 -9 -41 -43 -47 -45 -30 -14 -4 -22 -35 -1 -14 -15 -14 -42 -36 -31 -5 -14 -44 -26 -6 -36 -26 -42 -14 -7 -50 -2 -10 -42 -22 -14 -3 -49 -17 -40 -21 -33 -24 -46 -10 -35 -24 -30 -15 -7 -11 -10 -36 -10 -48 -3 -47 -43 -8 -19 -49 -27 -32 -4 -7 -16 -27 -49 -50 -45 -19 -15 -18 -18 -27 -36 -32 -29 -22 -41 
-18 -20 -28 -8 -36 -49 -17 -13 -2 -24 -25 -17 -14 -41 -25 -20 -12 -3 -27 -13 -7 -37 -48 -4 -45 -18 -39 -47 -11 -7 -23 -5 -50 -2 -18 -3 -39 -16 -43 -18 -1 -42 -23 -10 -49 -25 -28 0 -14 -37 -44 -30 -49 -34 -36 -24 -30 -37 -3 -1 -4 -48 -18 -43 -42 -34 -24 -17 -33 -36 -27 -22 -26 -50 -43 -6 -17 -36 -45 -30 -27 -21 -30 -31 -23 -46 -27 -16 -44 -26 -2 -49 -11 -14 -11 -12 -12 -2 -29 -47 -11 -22 -46 -30 -36 -42 -43 -12 -28 0 -47 -32 -29 -45 -19 -16 -22 -10 -33 
-35 -37 -1 -20 -1 -29 -18 -49 -20 -29 -5 -5 -46 -6 -13 -25 -24 -18 -22 -1 -50 -1 -31 -43 -47 -24 -1 -43 -37 -49 -14 -49 -27 0 -1 -13 -22 -18 -23 -8 -12 -3 -30 -28 -50 -15 -6 -40 -17 -15 -40 -10 -7 -11 -38 -36 -24 -30 -4 -50 -3 -15 -8 -19 -31 -33 -40 -32 -41 -25 -2 -23 -36 -33 -32 -21 0 -4 -10 -9 -34 0 -34 -41 -39 -48 -35 -19 -20 -26 -7 -29 -14 -19 -24 -6 -17 -50 -2 -47 -18 -37 -12 -49 -4 -48 -3 -44 -44 -25 -27 -47 -22 -7 -46 -37 -22 -37 -8 
-19 -43 -13 -48 -8 -26 -42 -19 -48 -13 -27 -31 -38 -43 -26 -6 -15 -30 0 -1 -26 -35 -7 -34 -15 -40 -20 -26 -31 -42 -12 -15 -41 -21 -31 -9 -2 -46 -36 -16 -6 -5 -17 -8 -13 -50 -4 -49 -43 -15 -5 -36 -8 -9 -42 -17 -9 -8 -2 -33 -7 0 -48 -1 -19 -7 -20 -33 -1 -46 -50 -8 -42 -39 -19 -10 -45 0 -23 -39 -45 -26 -13 -8 -33 -41 -9 -25 -46 -2 -25 -15 -45 -14 -4 -32 -11 -44 -17 -17 -26 -3 -23 -16 -45 -26 -7 -32 -7 -8 0 -34 -33 -31 -6 -35 -30 -46 -34 
-14 -38 0 -47 0 -41 -10 -8 -30 -20 -19 -10 -30 -23 -29 -13 -30 -38 -19 -19 0 -43 -49 -3 -40 -33 -20 -12 -46 -18 -21 -42 -15 -16 -27 -44 0 -40 -11 -23 -46 -22 -10 -19 -45 -18 -40 -15 -18 -32 -21 -46 -39 -26 -36 -44 -4 -40 -49 -15 0 -24 -25 -7 -49 -2 -6 -31 -39 -26 -37 -6 -19 -24 -1 -5 -31 -40 -7 -37 -36 -50 -15 -39 -33 -39 -46 -17 -37 -30 -14 -46 -19 -36 -47 -14 -50 -31 -4 -23 -33 -40 -11 -7 -5 -20 -12 -44 0 -13 -3 -26 -40 -16 -19 -50 -37 -43 -35 
-8 -31 -38 -44 -9 -10 -45 -25 -33 -18 -17 -22 -8 -28 -7 -43 -32 -12 -11 -7 -22 -32 -31 -10 -24 -1 -7 -2 -13 -32 -40 -50 -40 -18 -39 -20 -14 -34 -34 -2 -31 -39 -8 -37 -48 -1 -31 -19 -40 -17 -31 -16 -14 -40 -15 -26 -48 -39 -35 -3 -37 -27 -17 -14 -7 -30 -18 -5 -31 -38 -22 -27 -30 -36 -16 -38 -22 -39 -33 -6 -24 -25 -5 -27 -17 0 -4 -3 -2 -38 -27 -36 -28 -33 -14 -38 -35 -7 -32 -42 -27 -34 -20 -33 -44 -1 -29 -24 -39 -42 -33 -19 -22 -3 -35 -7 -39 -19 -23 
-30 -43 -41 0 -26 -18 -11 -6 -46 -7 -11 -24 -27 -21 -7 -27 -15 -25 -3 -21 -42 -29 -47 -4 -24 -14 -45 -19 -24 -39 -50 -5 -13 -21 -2 0 -1 -47 -20 -9 -9 -35 -10 -1 -11 -38 -23 -18 -47 -37 -14 -2 -1 -50 -13 -6 -11 -17 -42 -20 -21 -22 -18 -30 -21 -47 -30 -41 -9 -1 -31 -50 -39 -4 -33 0 -4 -13 -24 -27 -12 -24 -45 -31 -35 -9 -29 -20 -43 -44 -22 -21 -6 -1 -50 -2 -11 -11 -18 -35 -37 -16 -9 -41 -42 -46 -27 -23 -36 -3 -35 -4 -10 -2 -29 -14 -21 -26 -8 
-9 -15 -23 -49 -22 -38 -16 -37 -23 -37 -12 -33 -46 -25 -33 -48 -33 -8 -42 -9 -44 -49 0 -33 -22 -6 -11 0 -11 -27 -1 -27 -24 -32 -28 -19 -21 -31 -47 -34 -49 -2 -12 -20 -25 -17 -13 -23 -48 -8 -34 -21 -19 -8 -17 -25 -42 -21 -28 -9 -11 -11 -5 -12 -38 -49 -26 -39 -31 -31 -18 -33 -47 -23 -46 -34 -3 -48 -41 -18 -15 -22 -23 -13 -45 -8 -8 -46 -14 -23 -4 -26 0 -8 0 -26 -2 -32 -46 -20 -2 -47 -3 -42 -15 -23 0 -37 -9 -42 -17 -1 -50 -49 -35 -44 -29 -13 0 
-10 -2 -3 -2 -13 -10 -32 -50 -29 -29 -50 -22 -19 -14 -38 -25 -11 -37 -31 -6 -19 -8 -23 -3 -26 -41 -22 -45 -4 -26 -33 -28 -34 -21 -34 -18 0 -43 -19 -39 -10 -33 -2 -44 -32 -21 -3 -44 -14 -46 -37 -29 -38 -33 -12 -25 -15 -28 -5 -29 -9 -19 -24 0 -14 -39 -3 -22 -12 -4 -3 -32 -21 -3 -50 -9 -1 -20 -50 -17 -9 -21 -47 -9 -8 -16 -33 -48 -29 -27 -32 -1 -6 -17 -1 -15 -50 -32 -26 -22 -42 -46 -44 -31 -25 -28 -11 -26 -28 -4 -13 -3 -3 -14 -16 -31 -39 -30 -21 
-18 -17 -32 -26 -50 -21 -25 -37 -7 -15 -45 -22 -14 -16 -22 -25 -1 -27 -46 -6 -40 -46 -21 -12 -12 -13 -40 -17 -7 -7 -41 -22 -37 -28 -21 -27 -34 -27 -21 -37 -18 -14 -7 -48 -40 -21 -1 -50 -39 -9 -27 -19 -45 -11 -30 -5 -1 -13 -24 -1 0 -46 -43 -29 -26 -46 -6 -40 -10 -21 0 -29 -3 -3 -4 -32 -7 -24 -4 -38 -40 -14 -1 -6 -8 -19 -14 -17 -29 -8 -9 -36 -10 -33 -37 -42 -35 -17 -38 -33 -26 -39 -22 -44 -39 -15 -33 -17 -34 -18 -30 -39 -39 -17 -32 -41 -40 -16 -3 
-39 -26 -39 -14 -15 -30 -19 -26 -39 -46 -25 -15 -10 -42 -30 -24 -25 -27 -32 -29 -18 -49 -45 -35 -4 -24 -2 -41 -12 -48 -12 -48 -1 -17 -36 -13 -9 -45 -28 -29 0 -47 -12 0 -32 -17 -31 -43 -45 -15 -19 -12 -32 -45 -24 -40 -21 -44 -13 -25 -27 -22 -20 -47 -46 -8 -43 -9 -47 -7 -44 -12 -10 -44 -39 -18 -12 -27 -7 0 -26 -35 -10 -43 -45 -17 -41 -31 -28 -45 -48 -43 -31 -30 -43 -36 -28 -42 -22 -46 -28 -15 -49 -44 -41 -23 -9 -43 -11 -9 -22 -44 -29 -26 -42 -43 -26 -19 -48 
-45 -38 -48 -13 -6 -33 -26 -26 -16 -45 -33 -11 -43 -23 -20 -2 0 -6 -30 -8 -43 -14 -24 -49 -43 -32 -46 -31 -24 -30 -45 -21 -31 -19 -29 -3 -32 -19 -21 -11 -28 -38 -41 -13 -35 -38 -48 -4 -39 -20 -24 -8 -41 -34 -42 -26 -12 -4 -44 -37 -43 -24 -12 -23 -38 -37 0 -5 -1 -46 -21 -36 -3 -42 -15 -42 -2 -44 -23 -1 -14 -6 -24 -20 -8 -41 -9 -35 -1 -36 -42 -7 -16 -10 -39 -24 -48 -40 -4 -17 -48 -4 -5 -33 -45 -2 -31 -21 -22 -41 -14 -48 -12 -22 -25 -46 -15 -17 -27 
-5 -25 -8 -27 -45 -11 0 -37 -12 -4 -12 -2 -31 -50 -31 -40 -8 -13 -34 -31 -3 -14 -41 -29 -11 -13 -32 -1 -26 -32 -22 -7 -20 -23 -48 -8 -8 -29 -44 -30 -20 -23 -9 -31 -31 -2 -25 -34 -33 -46 -6 -1 -4 -20 -38 -3 -5 -45 -39 -6 -17 -39 -43 -28 -16 -49 -30 -6 -13 -44 -46 -49 -22 -31 -30 -20 -2 -6 -6 -39 -49 -19 -28 -36 -32 -20 -19 -33 -14 -29 -18 -47 -29 -31 -12 -3 -3 -46 -32 0 -25 -1 -46 -3 -19 -27 -4 -31 -1 -24 -33 -44 -4 -30 -8 -15 -23 -46 -48 
-15 -30 -49 -50 -40 -42 -41 -24 -36 0 -50 -19 -29 -38 -18 -15 -8 -27 -14 -46 -45 -36 -36 -8 -40 -40 -40 -46 -25 -34 -45 -42 -8 -32 -29 -1 -37 -26 -47 -15 -45 -36 -2 -37 -35 -1 -30 -34 -35 -22 -41 -2 0 -17 -45 -39 -30 -40 -35 -11 -45 -16 -35 -38 -35 -10 -33 -10 -4 -7 -41 -48 -40 -17 -22 -12 -44 -42 -2 -43 -40 -40 -13 -14 -1 -8 -1 -49 -1 -14 -41 -12 -29 -11 -28 -50 -38 -30 -39 -43 -48 -13 -41 -46 -36 -17 -7 -5 -39 -9 -31 -11 -22 -17 -33 -2 -38 -45 -16 
-47 -40 -25 -20 -45 -22 -29 -5 -6 -23 -40 -8 -28 -18 -2 -19 -29 -34 -42 -48 -17 -30 -27 -1 -29 -40 -31 -41 0 -41 -30 -33 -30 -35 -17 -10 -20 -11 -40 -28 -32 0 -44 -40 -12 -27 -48 -10 -24 -9 -45 -10 -41 -9 -17 -32 -3 -23 -12 -6 -23 -34 -46 -44 -16 -8 -33 -23 -30 -50 0 -43 -42 -9 -35 -33 -34 -26 -38 -7 -29 -7 -48 -44 -24 -31 -35 -1 -12 -3 -21 -11 -18 -9 -19 -4 -2 -41 -2 -21 -2 -23 -8 -20 -29 -19 -9 -20 -24 -2 -20 -16 -47 -29 -31 -14 -27 -30 -18 
-17 -14 -12 -16 -3 -28 -38 -31 -35 -4 -20 -50 -9 -8 -9 -35 -13 -36 -18 -23 -33 -26 -32 -40 -35 -16 -16 -33 -23 -46 -38 -31 -50 -18 -48 -36 -46 -15 -19 -50 -5 -34 -8 -6 -32 -25 -48 -35 -1 -3 -45 -44 -48 -48 -47 -36 -14 -13 -35 -30 -34 -8 -4 -1 -22 -16 -37 -36 -7 -35 -43 -26 -31 -34 -25 -4 -4 -39 -21 -32 -11 -26 -47 -20 -8 -9 -42 -20 -40 -27 -32 -10 -21 -1 -7 -1 -29 -16 -13 -28 -15 0 -7 0 -37 -20 -28 -14 -6 -31 -25 -50 -32 -12 -31 -19 -48 -44 -25 
-48 -3 -18 -46 -13 -3 -18 -16 -14 -39 -14 -27 -42 -28 -27 -34 -43 -32 -47 -13 -16 -27 -45 -34 -29 -50 -10 -34 -41 -7 -33 -7 -10 -27 -43 -44 -48 -14 -34 -21 -22 -8 -50 -16 -5 -7 -38 -2 -48 -30 -9 -36 -15 -27 -49 -29 -12 -49 -43 -17 -29 -7 -9 -6 -15 -23 -8 -8 -5 -8 -50 -1 -12 -37 -37 -46 -19 -17 -48 -23 -13 -45 -34 -32 -39 -47 -10 -37 -24 -38 -34 -44 -13 -18 -49 -50 -4 -33 -16 -38 -5 -3 -32 -35 -9 -1 -44 -10 -9 -4 -1 -19 -46 -41 -35 -19 -40 -14 -45 
-32 -46 -23 -47 -44 -14 -26 -2 -34 -45 -49 -32 -13 -47 -12 -37 -12 0 -5 -47 -14 -37 -15 -26 -15 -19 -25 -21 -24 -27 -7 -1 -23 -14 -22 -16 -47 -31 -11 -14 -40 -24 -23 -29 -48 -44 -19 -48 -24 -21 -39 -38 -16 -30 -31 -21 -44 -21 -2 -20 -4 -41 -23 -41 -30 -38 -10 -24 -14 -28 -11 -20 -35 -37 -42 -16 -12 -6 -11 -12 -17 -6 -2 -36 -18 -49 -35 -50 -1 -16 -14 -44 -2 -4 -39 -26 -19 -50 -33 -13 -28 -27 -7 -14 -16 -14 -14 -1 -27 -40 -22 -2 -32 -47 -32 -25 -34 0 -16 
-36 -16 -23 -48 -16 -36 -13 -44 -4 -20 -6 -18 -16 -34 -37 -13 -23 -5 -25 -33 -24 0 -2 -39 -11 -12 -12 -42 -38 -10 -2 -50 -27 0 -5 -36 -2 -44 -11 -37 -33 -35 -17 -25 -8 0 -42 -34 -46 -13 -41 -26 -31 -42 -28 -21 -25 -45 -50 -33 -46 -1 -36 -21 -48 -45 -2 -39 -13 -46 -12 -36 -12 -42 -49 -11 -29 -44 -36 -26 -26 -5 -7 -21 -3 -18 -31 0 -31 -43 -20 -46 -14 -18 -22 -26 -32 -16 -4 -16 -7 -35 -45 -31 -21 -46 -20 -32 -18 -45 -2 -6 -20 -31 -3 -22 -3 -9 -3 
-23 -27 -27 0 -26 -3 -36 -6 -24 -14 -41 -30 -35 -13 -5 -50 -49 -49 -27 -14 -24 -49 -10 -18 -37 -9 -9 -30 -46 -23 -29 -8 -47 -29 -43 -7 -43 -29 -47 -2 -47 -23 -50 -39 -2 -31 -39 -33 -3 0 -19 -26 -15 -45 -8 -6 -28 -33 -1 -46 -23 -45 -15 -22 -14 -14 -30 -16 -3 -25 -39 -5 -12 -11 -39 -26 -45 -4 -2 -48 -16 -28 -9 -17 -7 -38 -50 -5 -2 -35 -41 -23 -25 -35 -24 -50 -15 -45 -28 -15 -8 -17 -45 -5 -11 -27 -47 -24 -10 -41 -20 -30 -11 -44 -2 -7 -4 -10 -45 
-21 -15 -46 -28 -11 -7 -32 -43 -48 -37 -4 -20 -9 -1 -43 -3 -44 -30 -37 -34 -39 -14 -33 -2 -36 -4 -22 -10 -34 -6 -33 -3 -35 0 -15 -26 -8 -17 -13 -8 -15 -41 -45 -41 0 -25 -16 -2 -9 -8 -22 -27 -23 -30 -11 -10 -37 -34 -8 -37 -5 -31 -36 -24 -39 -2 -24 -44 -13 0 -9 -18 -24 -37 -47 -46 -4 -22 -29 -45 -20 -23 -23 -27 -34 -2 -16 -46 -11 -2 -2 -12 -34 -16 -42 -8 -16 -24 -23 -33 -38 -32 -44 -23 -41 -8 -26 -3 -25 -40 -32 -12 -29 -25 -47 -37 -4 -10 -20 
-15 -12 -26 -15 -31 -21 -49 -22 -28 -42 -26 -11 -39 -42 -6 -19 -3 -30 -34 -46 -50 -21 -7 -18 -45 -43 0 -47 -38 -22 -27 -37 -24 -30 -44 -34 -48 -30 -29 -48 -2 -49 -23 -27 -45 -48 -48 -31 -2 -29 -23 -48 -35 -3 -6 -7 -18 -49 -4 -10 -35 -45 -32 -48 -21 -48 -3 -27 -44 -50 -18 -27 0 -5 -45 -40 -35 -46 -1 -26 -17 -35 -2 -23 -2 -31 -7 -46 -34 -5 -9 -5 -21 -29 -39 -9 -7 -18 -20 -17 -40 0 -4 -15 -38 -5 -8 -9 -5 -33 -39 -12 -34 -35 -33 -47 -24 -3 0 
-42 -26 -10 -31 -19 -5 -7 -15 -10 -22 -50 -44 -4 -25 -48 -38 -31 -27 -3 -36 -11 -44 -23 -36 -32 -50 -16 -47 -16 -28 -41 -23 -5 -27 -16 -46 -40 0 -25 -30 -6 -48 -41 -31 -47 -37 -21 -2 -27 -11 -19 -41 0 -29 -13 -33 -42 0 -5 -11 -38 -33 -35 -43 -22 -39 -18 -5 -49 -23 -43 -50 -11 -40 -6 -3 -25 -42 -28 -17 -16 -46 -3 -18 -32 -44 -7 -38 -39 -42 -3 -6 -38 -6 -18 -1 -17 -49 -14 -36 -45 -26 -1 -16 -2 -13 -9 0 -32 -5 -2 -48 -12 -40 -1 -32 -13 -43 -48 
-17 -30 -47 -41 -28 -15 -35 -25 -30 -42 -40 -4 -35 -43 -46 -48 -17 -49 -14 -30 -48 -21 -14 -39 -19 -9 -20 -11 -22 -26 -24 -44 -21 -10 -46 -43 -38 -5 -16 -7 -32 -43 -23 -33 -26 -16 -8 -15 -3 -4 -22 -11 -16 -21 -33 -11 -4 -48 -34 -47 0 -13 -11 -21 -5 -44 -21 -44 -49 -22 -29 -36 -21 -7 -1 0 -13 -29 -46 -3 -22 -39 -18 -34 -21 -46 -13 -44 -45 -22 -49 -23 -20 -49 -23 -29 -12 -47 -37 -1 -24 -35 -7 -38 -36 -46 -37 -42 -34 -6 -15 -16 -42 -29 -40 -39 -29 -21 -20 
-39 -16 -14 -48 -41 -24 -30 -36 -21 -36 -47 -44 -41 -46 -21 -30 -9 -28 -25 -22 -27 -11 -14 -39 -28 -20 -29 0 -18 -36 -16 -15 -33 -10 -36 -20 -31 -48 -17 -38 -14 -35 -18 -33 -34 -27 -24 -37 -14 -2 -12 -9 -15 -44 -19 -31 -36 -46 -6 -47 -13 -13 -11 -6 -33 -2 -49 -20 -15 -35 -11 -2 -31 -3 0 -34 -22 -8 -14 -43 -43 -31 -20 -2 -4 -25 -13 -49 -8 0 -21 -13 -33 -49 -39 -15 -16 -41 -4 -22 -27 -9 -2 -35 -10 -15 -36 -10 -40 -24 -43 -42 -10 -32 -42 -50 -35 -30 -19 
-40 -19 -41 -38 -42 -44 -48 -20 -36 -9 -17 -31 -33 -48 -9 -48 -31 -1 0 -14 -38 -41 -13 -42 -10 -34 -22 -13 -42 -48 -9 -20 -14 -27 -32 -29 -17 -47 -20 -15 -21 -23 -45 -35 -6 -9 -1 -45 -21 -10 -30 -21 -39 -4 -11 -12 -23 -18 -37 -9 -12 -27 -8 -23 -2 -17 -18 0 -5 -11 -17 -21 -8 -44 -39 -45 -23 -26 -20 -10 -35 -16 -23 -14 -32 -22 -42 -39 -9 -3 -25 -49 -47 -14 -8 -17 -22 -6 -16 -22 -12 -8 -45 -29 -36 -48 -29 -44 -39 -32 -20 -6 -7 -27 -33 -17 -41 -24 -31 
-32 -12 -46 -34 -32 -30 -48 -2 -34 -30 -15 -32 -12 -35 -38 -25 -44 -50 -32 -32 -28 -9 0 0 -44 -16 -1 -21 -21 -36 -4 -25 -47 -16 -1 -42 -6 -39 -4 -19 -45 -18 -33 -45 -40 -4 -13 -45 -21 -18 -25 -7 -13 -42 -11 -29 -49 -31 -15 -49 -7 -7 -21 -45 -4 -4 -32 -20 -15 -32 -3 -18 -10 -30 0 -47 -46 -31 -19 -6 -5 -23 -40 -23 -2 -21 -39 -10 0 -43 -40 -30 -13 -46 -6 -28 -16 -43 -19 -25 -8 -2 -45 -24 -24 -48 -35 -29 -1 -26 -34 -16 -23 -24 -12 -35 -21 -19 -45 
-45 -40 -11 -34 -24 -12 0 -19 -12 -38 -43 -17 -21 -2 -8 -47 -44 -38 -36 -31 -48 -36 -8 -20 -22 -6 -27 -47 -17 -9 -21 -35 -35 -7 -3 -7 -45 -45 -45 -23 -3 -36 -37 -26 -36 -2 -24 -21 -39 -42 -33 -39 -38 -23 -15 -12 -10 0 -21 -23 -39 -37 -40 -31 -45 -8 -15 -18 -22 -37 -6 -31 -45 -28 -1 -1 -9 -6 -28 -25 -8 -9 0 -26 -37 -10 -15 -44 -12 -13 -43 -42 -19 -3 -4 -3 -27 -42 -38 -46 -34 -27 -24 -18 -10 -48 -31 -18 -14 -48 -14 -41 -7 -32 -34 -37 -31 -32 -26 
-36 -20 -31 -20 -4 -31 0 -4 -43 -20 -19 -40 -5 -4 -40 -49 -44 -38 -32 -2 -17 -5 -18 -27 -50 -37 -34 -35 -14 -31 -29 -32 -45 -15 -48 -42 -33 -30 -3 -12 -22 -27 -13 -9 -5 -48 -44 -28 -11 -33 -40 -26 -27 0 -40 -49 -22 -32 -5 -49 -33 -22 -3 -44 -35 -16 -36 -17 -42 -15 -27 -14 -47 -15 -2 -5 -18 -23 -50 -44 -45 -20 -32 -25 -35 -8 -15 -21 -15 -21 -43 -31 -34 -40 -9 -50 -48 -9 -5 -11 -25 -48 -9 -8 -14 -10 -23 -32 -44 -8 -17 -15 -41 -19 -20 -30 -50 -19 -7 
-28 -6 -24 -22 -30 -22 -15 -30 -36 -25 -48 -33 -30 -46 -5 -38 -44 -32 -45 -40 -20 -16 -30 -48 -44 -7 -22 -1 -6 -40 -44 -4 -13 -37 -45 -25 -17 -15 -17 -25 -27 -32 -4 -9 -27 -41 -45 -33 -25 -1 -13 -34 -33 -19 -32 -46 -34 -18 -24 -15 -5 -5 -16 -35 -27 -42 -25 -4 -1 -41 -15 -30 -12 -17 0 -49 -41 -42 -35 -34 -45 -42 -3 -6 -35 -50 -34 -40 -2 -25 -9 -12 0 -27 -14 -22 -41 -40 -16 -27 -40 -34 -2 -47 -41 -15 -38 -19 -4 -12 -7 -2 -35 -27 -5 -39 -5 -27 -32 
-10 -45 -7 -21 -45 -20 -36 -35 -42 -10 -38 -11 -11 -7 -10 -5 -15 -15 -10 -38 -47 -48 -1 -36 -42 -44 -19 -19 -18 -19 -46 -38 -31 -30 -46 -40 -28 -38 -1 0 -44 -2 -24 -6 -11 -8 -20 -38 -7 -46 -38 -50 -48 -4 -26 -34 -20 -29 -8 -6 0 -41 -33 -33 -30 -40 -42 -16 -29 -37 -33 -34 -48 -13 -46 -49 -36 -6 -14 -12 -47 -24 -41 -47 -2 -3 -37 -41 -30 -35 -43 -15 -14 -46 -16 -33 -17 -48 -26 -23 -13 -44 -14 -16 -7 -40 -22 -49 -2 -49 -45 -46 -17 -13 -26 -4 -7 -32 -41 
-20 -25 -22 -49 -1 -29 -42 -48 -36 -30 -4 -45 -10 -25 -13 -21 -46 -36 -41 -19 -34 -28 -47 -20 -29 -4 -38 -3 -47 -23 -8 -22 -12 -33 -28 -22 -19 -3 -17 -38 -39 -45 -16 -36 -5 -19 -27 0 -6 -29 -4 -16 -3 -29 -24 -10 -35 -42 -45 -46 -5 -19 -36 -4 -21 -47 -39 -42 -34 -19 -5 -27 -12 -50 -48 -29 -40 -13 -9 -37 -2 -34 -8 -32 -22 -8 -39 -32 -19 -20 -32 -5 -13 -37 -27 -16 -24 -41 -3 0 -36 -26 -26 -21 -11 -26 -23 -4 -10 0 0 -29 -28 -2 -26 -43 -4 -12 -19 
-15 -36 -25 -14 -11 -15 -45 -23 -21 -48 -39 -38 -35 -46 -12 -40 -46 -25 -45 -44 -7 -17 -45 -24 -46 -26 -45 -33 -41 -27 -8 -26 -13 -29 -5 -21 -23 -28 -40 -18 -6 -11 -11 -36 -18 -28 -40 -6 -27 -35 -46 -38 -28 -19 -25 -12 -46 -20 -22 -15 -50 -33 -6 -9 -14 -26 -19 -49 -48 -36 -36 -28 -40 -39 -20 -13 -5 -15 -1 -33 -4 -13 -30 -31 -24 -50 -29 -39 -28 -26 -12 -30 -7 -47 -14 -6 -13 -8 -28 -18 -23 -5 -38 -10 -40 -32 -48 -21 -44 -9 -20 -21 -32 -43 -46 -17 -14 -3 -27 
0 -25 -12 -30 -10 -27 -12 -29 -5 -16 -19 -27 0 -13 -15 -19 -39 -30 -29 -13 -27 -25 -1 -36 -34 -48 -41 -9 -36 -47 -4 -35 -29 -21 -3 -33 -43 -18 -47 -6 -9 -5 -13 -6 -13 -29 -21 -36 -23 -16 -11 -19 -17 -25 -45 -15 -10 -49 -41 -24 -45 -20 -12 -48 -42 -36 -17 -30 -21 -12 -7 -46 -11 -13 -24 -15 -15 -30 -15 -9 -20 -5 0 -24 -8 -37 -3 -21 -8 -32 -18 -49 -16 -18 -23 -37 -34 -25 -19 -37 -25 -2 -21 -44 -3 -50 -46 -12 -26 -29 -33 -30 -40 -10 -28 -10 -11 -24 -43 
-31 -22 -6 -16 -5 -31 -31 -18 -36 -43 -13 -42 -42 -12 -5 -3 -37 -42 -21 -15 -40 -31 -12 -45 -47 -40 -35 -14 -35 -48 -20 -18 -38 -18 -47 -1 -44 -31 -17 -12 -44 -13 -48 -37 -6 -17 -15 -50 -22 -25 -49 -43 -19 -25 -2 -35 0 -17 -50 -17 -22 -40 -13 -6 -11 -50 -12 -43 -50 -39 -40 -24 -44 -15 -16 -48 -11 -30 -50 -37 -33 -6 -33 -5 -41 -12 -18 -34 -35 0 -3 -22 -33 -28 -14 -43 -34 -31 -39 -42 -42 -28 -6 -13 -21 -1 -42 -35 -44 -41 -45 -41 -5 -4 -32 -34 -43 -6 -48 
-30 -23 -39 -31 0 0 -26 -18 -2 -4 -30 -30 -40 -30 -7 -40 -9 -10 -32 -49 -10 -3 -30 -31 -24 -47 -24 -31 -34 -15 -23 -45 -16 -34 -30 -38 -4 -18 -1 -46 -25 0 -11 -14 -46 -15 -5 -27 -26 -19 -39 -3 -11 -19 -6 -10 -4 -39 -18 -24 -39 -32 -24 -46 -3 -32 -31 -11 -3 -37 -18 -32 -22 -21 -37 -43 -2 -6 -5 -40 -21 -14 -34 -12 -48 -28 -47 -8 -10 -6 -46 -20 -5 -27 -14 -18 0 -38 -49 -13 -35 -36 0 -12 -2 -32 -41 -36 -48 -14 -3 -46 -5 -39 -19 -49 -22 0 -24 
-21 -49 -39 -40 -45 -5 -46 -32 -50 0 -12 -7 -31 -33 -38 -10 -46 -50 -35 -14 -42 -3 -24 -16 -35 -15 -28 -10 -15 -12 -13 -10 -29 -37 -12 -43 -47 -3 -37 -6 -44 -28 -39 -1 -14 -13 -37 -6 -39 -21 -40 -11 -49 -14 -39 -19 -29 -22 -3 -31 -50 -13 -36 -13 -30 -42 -16 -12 -43 -30 -1 -45 -25 -14 -22 -44 -42 -25 -45 -10 -31 -24 -46 -31 -35 -25 -47 -11 -21 -50 -40 -1 -15 -33 -39 -1 -34 -29 -10 -36 -2 -19 -14 -24 -3 -38 -20 -18 -1 -18 -28 -47 -31 -28 -1 -5 -26 -47 -20 
-38 -7 -15 -3 -48 -12 -7 -31 -40 -16 -39 0 -10 -49 -18 -4 -1 0 -6 -28 -2 -7 -10 -27 -4 -37 -10 -16 -13 -50 -50 -22 -36 -25 -22 -3 -9 -42 -3 -24 -2 -33 -41 -34 -5 -21 -15 -16 -47 -40 -34 -33 -38 -6 -4 -8 -42 -47 -48 -32 -6 -44 -20 -29 -22 -30 -29 -17 -10 -16 -4 -25 -30 -34 -16 -14 -18 -40 -38 -5 -26 -14 -34 -18 -3 -44 -43 -12 -26 -21 -4 -3 -12 -40 -43 -17 -19 -11 -37 -41 -24 -43 -21 -47 -27 -46 -8 -28 -9 -14 -33 -38 -6 -36 -21 -35 -21 -7 -19 
-35 -32 -24 -13 -45 -29 -8 -7 -20 -48 -44 -8 -6 -10 -19 -26 -2 -33 -42 -22 -4 -28 -41 -44 -41 -27 0 -23 -24 -21 -38 -9 -16 -41 -15 -31 -13 -50 -43 -6 -46 -50 -36 -14 -9 -16 -23 -28 -2 -16 -12 -50 -19 -32 -3 -37 -28 -32 -9 -17 -26 -22 -40 -14 -28 -43 -23 -30 -8 -42 -38 -40 -15 -27 -37 -48 -30 -1 -41 0 -7 -34 -6 -19 -43 -8 -4 -1 -37 -26 -15 -13 -28 -33 -40 -15 -6 -13 -45 -11 -39 -17 0 -36 -32 -43 -7 -20 -31 -50 -2 -3 -29 -38 -28 -7 -15 -50 -43 
-39 -12 -8 -37 -6 -6 0 -29 -16 -18 -45 -44 -4 -20 -42 -21 -29 -32 -48 -12 -33 -4 -19 -37 -6 -49 -31 -42 -35 -20 -4 -47 -5 -23 -44 -47 -38 -19 -12 -22 -41 -43 -24 0 -25 -15 -32 -24 -42 -45 -1 -49 -9 -24 -37 -26 -38 -1 -18 -47 -36 -17 -6 -24 -48 -45 -5 -12 -49 -11 -38 -13 -15 -36 -32 -46 -2 -6 -15 -17 -49 -16 -13 -11 -3 -18 -15 -8 -30 -48 -42 -19 -42 -8 -32 -4 -13 -3 -47 -32 -11 -46 -21 -43 -49 -29 -41 -49 -42 -47 -23 -13 -27 -23 -9 -45 -46 -13 -3 
-43 -23 -36 -46 -41 -13 -50 -19 -13 -35 -19 0 -42 -11 -47 -11 -36 -22 -25 -11 -14 -38 -50 -50 -46 -46 -17 -36 -42 -37 -37 -47 -23 -25 -35 -48 -2 -5 -44 -2 -20 -8 -33 -20 -40 -24 -36 -41 -9 -7 -12 -26 -5 -49 -12 -22 -44 -15 -29 -16 -39 -1 -3 -39 -10 -7 -2 -47 -46 -28 -40 -22 -48 -24 -42 -16 -11 -48 -25 -33 -50 -26 -39 -15 -40 -40 -32 -34 -6 -13 -22 -29 -10 -2 -41 -37 -27 -31 -17 -50 -3 -45 -14 -49 -20 -45 -48 -7 -35 -34 -41 -44 -43 -18 -18 -25 -16 -50 -38 
-38 -5 -47 -37 -21 -19 -37 -30 -49 -26 -46 -16 -10 -30 -13 -48 -16 -33 -4 -6 -16 -25 -27 -15 -37 -41 -25 -7 -20 -6 -13 -37 -32 -44 -4 -43 0 -36 0 -38 -40 -3 -1 -50 -41 -16 -48 -8 -12 -2 -12 -22 -32 -34 -4 -42 -37 -4 -44 -24 -49 -45 -48 -12 -27 -7 -33 -8 -39 -43 -35 -10 -35 -42 -29 -9 -24 -45 -9 -30 -30 -20 -31 -20 -39 -39 -6 -25 -31 -12 -30 -22 -34 -25 -7 -33 -40 -19 0 -50 -35 -38 -24 -41 -29 -19 -38 -37 -34 -47 -7 -6 -13 -17 -36 -48 -31 -45 -22 
-8 0 -18 -39 -8 -21 -27 -50 0 -40 -16 -3 -15 -38 -15 -41 -3 -44 -14 -37 -3 -36 -5 -27 -22 -31 -48 -19 -8 -38 -19 -35 -14 -41 -42 -46 -25 0 -1 -13 -26 -32 -49 -42 0 -47 -40 -4 -44 -1 -17 -20 -11 -22 -27 -27 -49 -32 -39 -3 -18 -49 -26 -26 -18 -25 -21 -17 -12 0 -2 -18 -19 -23 -18 -2 -19 -25 -38 -25 -15 -24 -26 -38 -46 -43 -29 -45 -23 -10 -45 -7 -49 -50 -12 -12 -22 -14 -1 -11 -33 -5 -21 -44 -28 -28 -14 -30 0 -9 -31 -39 -11 -24 -32 -16 -37 -45 -2 
-4 -49 -41 -42 -34 0 -48 -8 -43 -10 -7 -20 -24 -24 -46 -31 -38 -4 -24 -45 -3 -32 -27 -13 -7 -19 -18 -30 -4 -19 -24 -49 -41 -29 -23 -32 -48 -49 -9 -11 -7 -49 -40 -28 -13 -14 -33 -5 -21 -38 -17 -19 -45 -40 -40 -23 -15 -32 -24 -19 -36 -38 -44 -9 -5 -21 -28 -13 -10 -50 -18 -49 -1 -23 -32 -32 -8 -39 -21 -17 -38 -35 -22 -39 -17 -11 -44 -23 -13 -33 -29 -49 -31 -40 -23 -25 -46 -14 -49 -22 -47 -35 -3 -29 -28 -45 -49 -42 -38 -6 -32 -10 -24 -1 -6 -26 -31 -45 -29 
-26 -25 -16 -38 -1 -41 -9 -36 0 -47 -15 -29 -41 -17 -20 -16 -49 -48 -25 -49 -47 -47 -36 -5 -46 -28 -21 -28 -9 -37 -22 -17 -12 -2 -9 -8 -50 -19 -10 -42 -37 -10 -14 -50 -7 -43 -6 -48 -39 -31 -40 -16 -13 -2 -40 -40 -35 -9 -22 -19 -34 -7 -45 -48 -31 -24 -12 -18 -47 -15 -42 -32 -36 -3 -5 -43 -44 -19 -17 -34 -10 -15 -10 -42 -22 -7 -29 -1 -35 -37 -12 -6 -44 -20 0 -34 -3 -32 -50 -44 -3 -20 -50 -16 -39 -27 -46 -50 -1 -40 -26 -10 -30 -19 -37 -8 -41 -42 -9 
-20 -28 -45 -12 -18 -3 -34 -19 -8 -34 -5 -7 -49 -3 -17 -27 -27 -31 -14 -23 -40 -43 -34 -38 -41 -4 -43 -46 -7 -1 -29 -16 -16 -22 -19 -33 -20 -47 -40 -7 -3 -32 -41 -47 -30 -16 -5 -7 -19 -27 -37 -38 -14 -33 -13 -13 -21 -47 -26 -21 -6 -19 -15 -7 -33 -29 -43 -37 -20 -2 -31 -22 -27 -29 -46 -23 -19 -15 -21 0 -26 -32 -10 -50 -35 -22 -42 0 -39 -3 -44 -26 -41 -50 -14 -21 -33 -2 -12 -49 -46 -5 -20 -44 -36 -25 -33 -41 0 -40 -27 -4 -49 -30 -10 -3 -45 -36 -16 
-27 -44 -36 -49 -20 -49 -15 -21 -38 -20 -25 -22 -36 -42 -44 -3 -6 -13 -44 -42 -38 -29 -41 -22 -2 -2 -30 -10 -29 -42 -19 -46 -15 -35 -6 -43 -48 -15 -49 -48 -31 -49 -32 -5 -22 -31 -35 -30 -42 -26 -5 -26 -32 -47 0 -36 -12 -27 -18 -49 -22 -32 -34 -26 -11 -39 -30 -25 -3 -38 -12 -31 -45 -44 -16 -10 -25 -30 -29 -15 -2 -5 -9 -31 -22 -19 -28 -43 -24 -44 -20 -29 -26 -24 -17 -26 -9 -25 -2 -17 0 -23 -45 -49 -6 -37 -16 -23 -47 -18 -11 -18 -36 -43 -34 -11 -47 -1 -39 
-30 -14 0 -39 -33 -39 -13 -16 -8 -11 -19 -11 -46 -7 -42 -13 -8 -14 -20 -13 -27 -32 -30 -48 -27 -20 -42 -40 -37 -19 -45 -43 -24 -37 -47 -18 -1 -37 -39 -25 -25 -27 -11 -32 -9 -42 -26 -28 -50 0 -37 -9 -30 -6 -32 -24 -47 -19 -17 -18 -48 -50 -27 -2 -6 0 -23 -35 -2 -35 -4 -34 -35 -34 -49 -31 -37 -10 -25 -43 -32 -47 -24 -29 -23 -5 -1 -35 -19 -7 -38 -40 -31 -28 -4 -47 -18 -20 -3 -14 -11 -28 -19 -42 -15 -45 -38 0 -18 -37 -7 -7 -16 -9 -31 -34 -46 -40 -12 
-6 -31 -28 -32 -17 -17 -4 -27 -43 -21 -18 -10 -15 -19 -13 -19 -22 -26 -47 -40 -22 -12 -45 -32 -28 -36 -8 -31 -22 -23 -15 -16 -23 -4 -38 -23 -41 -29 -20 -7 -28 -45 -38 -49 -41 -20 -33 -31 -36 -11 -32 -2 -14 -40 -38 -19 -13 -8 -6 -41 -29 -21 -44 -12 -8 -42 -40 -33 -1 -33 -41 -30 -5 -46 -20 -13 -2 -37 -27 -1 -27 -2 -49 -24 -30 -4 -16 -41 -49 -24 -4 -30 -47 -3 0 -26 -6 -24 -49 -2 -7 -20 -38 -43 -22 -38 -7 -13 -6 -41 -18 -16 -14 -50 -32 -13 -6 -4 -25 
-17 -4 -30 -9 -33 -50 -20 -35 -32 -24 -35 -27 -28 -36 -30 -16 -44 -12 -24 -34 -37 -48 -10 -25 -24 -5 -8 -4 -30 -17 -3 -48 -2 -14 -29 -15 -39 -28 -35 -28 -22 -45 -20 -36 -35 -22 -45 -47 -43 -9 -23 -21 -5 -50 -37 -29 -25 -35 -2 0 -23 -33 -38 -42 -39 -15 -22 -4 -37 -33 -50 -34 -28 -19 -22 -39 -27 -31 -2 -21 -13 -43 -17 -24 -31 -40 -35 -5 -16 -28 -44 -5 -23 -6 -41 -8 -2 -48 -8 -39 -23 -5 -34 -1 -40 -2 -13 -42 -45 -28 -18 -34 -24 -20 -17 -20 -47 -21 -35 
-16 -17 -28 -41 -7 -15 -25 -15 -17 -8 -9 -8 -8 -16 -43 -33 -36 -16 -38 -8 -12 -40 -18 -1 -21 -49 -18 -39 -34 -5 0 -45 -32 -29 -8 0 -42 -6 -43 -49 -11 -18 -39 -47 -20 -4 -30 -10 -22 -47 -18 -50 -21 -27 -20 -12 -26 -13 -28 -28 0 -14 -17 -27 -35 -17 -39 -39 -14 -39 -16 -42 -33 -19 -47 -24 -34 -11 -11 -43 -13 -2 -46 -11 -34 -22 -38 -12 -33 -49 -13 -26 -16 -11 -35 -40 -6 0 -33 -8 -33 -43 -39 -41 -34 -33 -47 -33 -22 -28 -50 -46 -46 -10 -22 -41 -24 -48 -49 
-19 -44 -2 -46 -47 -28 -45 -26 -18 -45 -7 -21 -7 -48 -24 0 -15 -19 -20 -45 -41 -4 -22 -28 -20 -31 -44 -40 -33 -4 -40 -49 -32 -37 -34 -30 -26 -32 -37 -19 -12 -13 -3 -37 -13 -48 -18 -31 -50 -49 0 -5 -28 -28 -19 -22 -30 -45 -11 -36 -32 -49 -13 -28 -14 -42 -42 0 -13 -31 -50 -11 -1 -19 -14 -3 -23 -24 -46 -47 -23 -1 -19 -8 -20 -1 -22 -16 -41 -26 -46 0 -32 -21 -16 -31 -47 -14 -44 -6 -7 -37 -36 -49 -3 -20 -22 -47 -24 -3 -11 -18 -11 -20 -49 -47 -36 -34 -15 
-44 -34 -40 -30 -45 -5 -6 -22 -44 -40 -8 -8 -2 -44 -47 -35 -6 -29 -23 -22 -38 -39 -9 -3 -6 -38 0 -17 -6 -11 -19 -31 -3 -14 -24 -5 -17 -1 -6 -29 -32 -50 -7 -3 -47 -17 -10 -38 -27 -37 -23 -22 -44 -20 -37 -11 -45 -40 -35 -29 -17 -5 -30 -18 -19 -45 0 -25 -7 -28 -36 -38 -3 -21 -22 -50 -24 -30 -27 -5 -17 -11 -27 -7 -3 -41 -15 -4 -38 -13 -11 -4 -39 -15 -10 -38 -31 -1 -31 -3 -47 -32 -20 -21 -41 -45 -49 -18 -3 -29 -13 -20 -39 -20 -18 -43 -32 -26 -23 
-15 -44 -50 -33 -38 -12 -49 -39 -20 -11 -44 -36 -15 -14 -41 -48 -46 -48 -21 -31 -50 -16 -9 -28 -37 -24 -21 -9 -26 -5 -1 -41 -49 -8 -5 -18 -30 -31 -7 -17 -37 -18 -33 -17 -46 -20 -38 -18 -35 -20 -19 -45 -39 -12 -24 -4 -27 -19 -8 -23 -12 -49 -2 -50 -5 -46 -4 -46 -30 -23 -37 -43 -10 -24 -14 -30 -12 -5 -49 -8 -9 -15 -28 -42 -26 0 -43 -31 -28 -8 -41 -27 -30 -8 -23 -49 -9 0 -37 -13 -28 -14 -38 -32 -30 0 -22 -44 -30 -35 -48 -3 -25 -10 -23 -29 -46 -3 -28 
-37 -35 -13 -28 -3 -4 -48 -38 -43 -16 -26 -46 -27 -4 -19 -27 -3 -27 -41 -20 -19 -38 -8 -16 -32 -25 -50 -31 -11 -5 -17 -43 -16 -3 -36 -7 -43 -32 -46 -29 -33 -50 -23 -41 -2 -22 -37 -38 -36 -49 0 -17 -41 -45 -34 -22 -39 -39 -2 -18 -16 -2 -28 -45 -41 -15 -9 -22 -46 -20 -21 -11 -9 -23 -16 -30 -39 -34 -26 -47 -7 -33 -8 -27 -37 -1 -22 -45 -12 -48 -29 -9 -26 -27 -41 -26 -31 -48 -44 -33 -16 -2 -50 -44 -48 -17 -40 -39 -19 -31 -19 -48 -41 -1 -35 -46 -47 -2 -29 
-33 -9 -43 -35 -6 -41 -1 -46 -42 -32 -12 -12 -14 -46 -28 -23 -3 -28 -35 -39 -47 -40 -11 -32 -42 -29 -7 -4 -10 -29 -45 -42 -39 -16 -34 -36 -2 -47 -6 -6 -41 -5 -19 -49 -28 -34 -47 -28 -40 -43 -18 -7 -30 -26 -41 -31 -33 -45 -4 -7 -49 -16 -13 -40 -23 -41 -15 -11 -49 -49 -16 -23 -41 -12 -19 0 -28 -42 -28 -27 -28 -43 -5 -27 -41 -36 -42 -14 -10 -42 -47 -26 -5 -39 -15 -27 -23 -23 -3 -49 -17 -14 -16 -30 -17 -31 -7 -8 -5 -32 -45 -47 -39 -17 -20 -37 -2 -2 -38 
-30 -4 -16 -6 -44 -30 -34 -25 -36 -11 -24 -40 -12 -41 -30 0 -43 0 -39 -19 -28 -41 -7 -19 -19 -43 -4 -42 -34 -30 -46 -30 -34 -42 -36 0 -28 -45 -40 -2 -45 -35 -38 -43 -27 -30 -20 -21 -6 -20 -12 -39 -16 -32 -34 -45 -14 -47 -49 -7 0 -41 -37 -50 -41 -45 -13 -4 -38 -1 -36 -32 -49 -35 -49 -42 -49 -47 -43 -16 -37 -41 -40 -37 -10 -19 -15 -15 -29 -50 -39 -8 -48 -49 -37 -33 -41 -20 -43 -50 -14 -10 -48 -35 -40 -48 -25 -36 -1 -41 -44 -41 -16 -10 -25 -27 -7 -14 -3 
-37 -9 -20 -28 -2 -6 -37 -39 -33 -27 -32 -14 -36 -27 -4 -40 -13 -17 -16 -47 -46 -31 -41 -34 -17 -24 -34 -5 -26 -25 -18 -41 -19 -30 -23 -19 -38 -30 -8 -10 -37 -25 -41 -17 -36 -33 -43 -3 -29 0 -47 -31 -8 -9 -26 -39 -1 -39 -21 -20 -27 -15 -28 -19 -25 -40 -21 -46 -14 -18 -9 -22 -1 -48 -15 -7 -46 -26 -7 -23 -4 -4 -29 -18 -21 -2 -2 -22 -11 -41 -37 -9 -11 -37 -16 -11 -18 -11 -32 -28 -40 -45 0 -20 -9 -1 -23 -49 -26 0 -19 -12 -19 -34 -26 -3 -26 -36 -43 
-34 -26 -1 -1 -24 -49 -31 -3 -19 -48 -5 -9 -30 -26 -29 -22 -3 -18 -22 -18 -40 -46 -11 -17 -38 -43 -23 -7 -47 -1 -28 -38 0 -46 -39 -8 -2 -4 -18 -20 -12 -17 -24 -30 -31 -33 -27 -34 -35 -3 -23 -17 -6 -20 -47 -6 -50 -20 -8 -5 -41 -47 -15 -31 -6 -27 -37 -8 -29 -21 -37 -32 -33 -10 -30 -37 -20 -30 -11 -23 -26 -24 -28 -28 -6 -26 -49 -29 -17 -24 -29 -23 -25 -44 -16 -21 -46 -31 -41 -7 -47 -31 -36 -14 -39 -17 -12 -35 -28 -41 -47 -35 -50 -2 -48 -22 -36 -38 -47 
-17 -33 -23 -3 -11 -10 -24 -49 -6 -13 -43 -27 -10 -8 -26 -50 -22 -27 -2 -22 -41 -10 -35 -42 -3 -30 -31 -32 -40 -15 -33 -14 -18 -19 -4 -5 -44 -15 -37 -11 -11 -41 -27 -50 -44 -50 -49 -37 -34 -40 -30 -39 -25 -6 -39 -10 -12 -1 -24 -32 -2 -23 -47 -34 -12 -19 -7 -43 -27 -42 -46 -28 -39 -19 -1 -45 -43 -16 -2 -20 -28 -4 -5 -39 -31 -39 -17 -50 -45 -7 -15 -1 -24 -38 -1 -37 -22 -22 -18 -8 -26 -29 -20 -6 -21 -22 -43 -36 -3 -4 -33 -49 -44 -34 0 -20 -50 -41 -23 
-33 -25 -28 -1 -13 -12 -45 -20 -4 -33 -44 -4 -26 -48 -31 -38 -41 -43 -40 -39 -1 -38 -29 -37 -30 -19 -39 -43 -22 -42 -46 -32 -47 0 -10 -12 -40 -22 -1 -20 -5 -25 -18 -37 -33 -22 -11 -43 -47 -15 -38 -15 -14 -31 -49 -35 -45 -3 -5 -3 -41 -8 -25 -20 -30 -44 -33 -3 -21 -16 -43 -8 -15 -7 -45 -43 -38 -2 -35 -24 -44 -16 -42 -1 -2 -20 -23 -40 -7 -31 -47 -32 -45 -37 -27 -2 -28 -44 -44 0 -46 -37 -37 -16 -1 -10 -7 -2 -7 -5 -7 -5 -40 -5 -34 -50 -29 -36 -30 
-48 -4 -27 -41 -17 -12 -37 -24 -34 -10 -48 -13 -41 -43 -29 -26 -45 -33 -15 -30 -2 -49 -5 -37 -12 -11 -48 -33 -18 -23 -26 -26 0 -42 -10 -49 -15 -22 -42 -15 -24 -25 -14 -33 -18 -32 -7 -25 -23 -33 -23 -44 -23 -3 -2 -8 -3 -12 -34 -8 -19 -10 -23 -44 -14 -17 -48 -41 -21 -45 -35 -5 -1 -32 -32 -14 -45 0 -30 -25 -22 -22 -2 -35 -14 -18 -21 -15 -25 -40 0 -1 -34 -49 -21 -38 -45 -45 -50 -13 -10 -39 -17 -19 -26 -28 -49 -4 -46 -44 -2 -1 -28 -30 -39 -23 -6 -16 -47 
-28 -3 -37 -24 -12 -19 -11 -36 -26 -2 -29 -17 -36 -5 -50 -38 -39 -3 -18 -32 -36 0 -45 -7 -17 -23 -2 -44 -44 -38 -44 -45 -21 -7 -33 -32 -12 -46 -25 -40 -7 -42 -47 0 -15 0 -26 -20 -13 -32 -22 -44 -21 -4 -37 -8 -30 -35 -50 -29 -29 -18 -45 -33 -33 -6 -47 -33 -34 -18 -31 -21 -23 -15 -36 -7 -18 -33 -44 -34 -18 -30 -4 -32 -31 -8 -20 -35 -22 -43 -17 -13 -6 -18 -11 -22 -37 -13 -9 -22 -17 -16 -43 -35 -23 -25 -32 -1 -35 -31 -24 -38 -13 -36 -25 -17 -40 -6 -19 
-26 -30 -21 -10 -48 -3 -8 -4 -30 -46 -18 -42 0 -50 -23 -24 -21 -49 -21 -35 -35 -27 -37 -11 -25 -31 -30 -6 -43 -2 -22 -46 -40 -2 -14 -30 -27 -39 -7 -50 -44 -19 -16 -36 -26 -15 -18 -17 -40 -46 -6 -2 -13 -49 -5 -35 -31 -39 -24 -1 -28 -23 -29 -49 -27 -33 -27 -4 -15 -27 -50 -22 -44 -49 -36 -24 -24 -18 -7 -18 -5 -2 -50 -28 -26 -4 -35 -20 -46 -7 -44 -1 -48 -28 -42 -41 -25 -29 -6 -4 -42 -42 -14 -43 -35 -14 -19 -8 -30 -3 -43 -36 -47 -7 -17 -14 -19 -12 -32 
-8 -28 -46 -7 -44 -12 -16 -40 -27 -33 -27 -17 -28 -39 -28 -40 -11 -48 -15 -32 -37 -11 -37 -7 -10 -8 -43 -24 -15 -3 -30 -36 -48 -20 -1 -3 -49 -6 -18 -30 -46 -16 -15 -4 -39 -26 -32 -18 -13 -7 -40 -20 -19 -8 -46 -47 -16 -35 -35 -11 -20 -17 -23 -33 -40 -42 -30 -39 -22 -20 -28 -9 -30 -31 -35 -33 -32 -2 -12 -40 -2 -50 -32 -12 -23 -50 -44 -24 -27 -32 -26 -39 -44 -8 -47 -27 -24 -19 -42 -50 -28 -41 -38 -39 -24 -10 -44 -19 -42 -26 -21 -17 -49 -8 0 -12 -39 -48 -39 
-3 -18 -21 -5 -8 -12 -36 -19 -36 -37 -47 -22 -11 -20 -9 -11 -14 -26 -47 -25 -21 0 -42 -42 -11 -20 -11 -46 -41 -35 -4 -6 -1 -24 -4 -36 -1 -11 -2 -3 -49 -40 -9 -4 -11 -20 -28 -20 -33 -32 -9 -12 -16 -35 -14 -4 -5 -15 -23 0 -26 -19 -23 -30 -10 -16 -9 -18 -44 -32 -40 -4 -26 -46 -38 -47 -9 -31 -19 -4 -46 -20 -50 -21 -47 -27 -32 -17 -12 -30 -46 -35 -24 -33 -1 -46 -5 -46 -18 -5 -6 -25 -35 -39 -30 -27 -16 -39 -11 -1 -21 -11 -34 -27 -17 -49 -48 -16 -22 
